update,mean_train_return,dev_primary,dev_l0,dev_full,entropy,value_loss,seconds
0,-2.052984,523.515250,424.556950,565.240069,1.436350,1.005990,28.514
1,-3.906240,523.515250,424.556950,565.240069,1.604977,1.064382,13.365
2,-3.050891,523.515250,424.556950,565.240069,1.773677,0.929210,14.489
3,-2.704338,523.515250,424.556950,565.240069,1.812563,1.616216,10.616
4,-3.407833,523.515250,424.556950,565.240069,1.510133,0.986156,10.856
5,-2.218520,523.515250,424.556950,565.240069,1.840635,1.067151,15.891
6,-2.808421,523.515250,424.556950,565.240069,1.519908,0.957582,9.886
7,-2.109574,523.515250,424.556950,565.240069,1.896322,1.085933,13.700
8,-2.564778,523.515250,424.556950,565.240069,1.503646,1.186932,12.107
9,-0.537319,523.515250,424.556950,565.240069,1.605533,0.528120,15.400
10,-4.706111,523.515250,424.556950,565.240069,1.568047,2.747947,12.207
11,-5.198841,523.515250,424.556950,565.240069,1.338007,3.732843,14.293
12,-1.733392,523.515250,424.556950,565.240069,1.753290,1.153031,13.249
13,-1.730244,523.515250,424.556950,565.240069,1.582841,1.500083,15.505
14,-4.860870,523.515250,424.556950,565.240069,1.301362,1.843654,11.268
15,-1.743552,523.515250,424.556950,565.240069,1.333843,1.445764,11.917
16,-2.881945,523.515250,424.556950,565.240069,1.546455,2.011052,16.924
17,-3.288961,523.515250,424.556950,565.240069,1.713639,1.655858,13.711
18,-2.858483,523.515250,424.556950,565.240069,2.033880,1.997198,15.339
19,-3.985635,523.515250,424.556950,565.240069,2.193299,1.798448,15.576
20,-3.180920,454.900937,420.346888,496.370900,1.842401,1.989028,32.285
21,-1.793039,454.900937,420.346888,496.370900,1.877933,1.048731,15.395
22,-4.893426,454.900937,420.346888,496.370900,1.321803,1.648035,16.825
23,-1.565471,454.900937,420.346888,496.370900,1.718440,1.644919,12.781
24,-3.285817,454.900937,420.346888,496.370900,1.651717,0.776858,15.258
25,-2.004510,454.900937,420.346888,496.370900,1.862814,0.978975,14.130
26,-2.113552,454.900937,420.346888,496.370900,1.790126,0.798177,8.792
27,-4.133742,454.900937,420.346888,496.370900,1.376580,0.749390,12.148
28,-2.303453,454.900937,420.346888,496.370900,1.823814,1.147131,15.110
29,-4.280265,454.900937,420.346888,496.370900,1.756664,1.555774,14.264
30,-2.294416,454.900937,420.346888,496.370900,1.947712,0.799062,14.773
31,-2.698078,454.900937,420.346888,496.370900,2.098384,1.994121,15.345
32,-4.255694,454.900937,420.346888,496.370900,1.770345,1.723770,12.959
33,-3.337155,454.900937,420.346888,496.370900,1.505464,1.477503,15.356
34,-1.839234,454.900937,420.346888,496.370900,1.656984,1.554208,12.456
35,-2.537754,454.900937,420.346888,496.370900,1.814301,1.621467,13.087
36,-4.613040,454.900937,420.346888,496.370900,1.755005,1.956682,15.202
37,-5.140090,454.900937,420.346888,496.370900,1.332277,2.758808,14.398
38,-2.289993,454.900937,420.346888,496.370900,1.518806,2.281079,14.808
39,-2.582328,454.900937,420.346888,496.370900,1.587986,1.319505,12.065
40,-4.940388,438.112100,419.096888,450.807075,1.596135,1.906817,30.628
41,-3.207987,438.112100,419.096888,450.807075,1.552561,1.738817,11.296
42,-6.224421,438.112100,419.096888,450.807075,1.582816,3.028518,15.931
43,-5.660441,438.112100,419.096888,450.807075,1.644354,4.399954,14.235
44,-4.667072,438.112100,419.096888,450.807075,1.483749,3.222210,13.586
45,-5.940069,438.112100,419.096888,450.807075,1.956988,2.142666,11.086
46,-1.722622,438.112100,419.096888,450.807075,1.805052,0.992158,11.567
47,-1.463818,438.112100,419.096888,450.807075,1.804682,1.931011,12.782
48,-5.119427,438.112100,419.096888,450.807075,1.628326,2.980863,12.922
49,-4.246352,438.112100,419.096888,450.807075,1.738064,2.723264,14.928
50,-5.603908,438.112100,419.096888,450.807075,1.504198,4.992511,13.979
51,-5.149339,438.112100,419.096888,450.807075,1.516866,3.081541,13.056
52,-2.833986,438.112100,419.096888,450.807075,1.509796,1.530441,13.931
53,-2.537081,438.112100,419.096888,450.807075,1.446381,0.916404,14.387
54,-0.741228,438.112100,419.096888,450.807075,1.709709,0.722441,10.563
55,-2.183529,438.112100,419.096888,450.807075,1.850220,2.080353,13.515
56,-5.350420,438.112100,419.096888,450.807075,1.911288,3.353989,16.233
57,-3.417262,438.112100,419.096888,450.807075,1.971940,2.920456,14.413
58,-3.197368,438.112100,419.096888,450.807075,1.881535,1.888189,14.032
59,-4.012626,438.112100,419.096888,450.807075,1.557320,0.913697,14.328
60,-9.465359,452.896650,418.659388,455.910644,1.383202,4.508232,33.131
61,-3.459335,452.896650,418.659388,455.910644,1.241018,1.632581,12.277
62,-2.069140,452.896650,418.659388,455.910644,1.752960,1.157873,16.530
63,-1.590959,452.896650,418.659388,455.910644,1.715870,1.359861,12.831
64,-4.217262,452.896650,418.659388,455.910644,1.847103,1.994575,13.706
65,-4.233614,452.896650,418.659388,455.910644,1.767250,1.223365,13.125
66,-3.655169,452.896650,418.659388,455.910644,1.634702,1.385279,13.542
67,-2.179459,452.896650,418.659388,455.910644,1.787769,1.648855,12.059
68,-3.723960,452.896650,418.659388,455.910644,1.595504,0.858774,14.998
69,-3.676993,452.896650,418.659388,455.910644,1.644432,1.865745,15.210
70,-4.625236,452.896650,418.659388,455.910644,1.656513,0.955006,14.622
71,-1.903841,452.896650,418.659388,455.910644,1.995827,1.172012,12.709
72,-4.476180,452.896650,418.659388,455.910644,2.232847,1.476158,17.320
73,-2.509317,452.896650,418.659388,455.910644,1.618993,1.115262,11.421
74,-4.370145,452.896650,418.659388,455.910644,1.797076,1.898227,13.149
75,-1.638865,452.896650,418.659388,455.910644,1.527013,1.368632,11.679
76,-3.006043,452.896650,418.659388,455.910644,1.723501,1.234154,13.896
77,-2.955094,452.896650,418.659388,455.910644,1.783766,2.023204,13.899
78,-3.039213,452.896650,418.659388,455.910644,1.422946,1.235297,12.423
79,-1.603013,452.896650,418.659388,455.910644,1.675837,1.490560,15.182
80,-7.628902,462.134800,409.684388,491.230287,1.628805,2.300162,29.218
81,-3.677601,462.134800,409.684388,491.230287,2.296491,2.543029,11.289
82,-2.338038,462.134800,409.684388,491.230287,1.974503,3.441793,14.434
83,-4.856280,462.134800,409.684388,491.230287,1.723126,2.663712,12.611
84,-6.313742,462.134800,409.684388,491.230287,1.262268,2.427765,14.804
85,-2.086142,462.134800,409.684388,491.230287,1.650797,2.373153,11.178
86,-2.197703,462.134800,409.684388,491.230287,1.375866,1.145966,13.689
87,-2.699288,462.134800,409.684388,491.230287,1.769302,0.470107,12.904
88,-3.038473,462.134800,409.684388,491.230287,1.572415,1.471444,12.729
89,-3.368696,462.134800,409.684388,491.230287,1.438006,1.263587,12.809
90,-4.533078,462.134800,409.684388,491.230287,1.947265,1.316510,14.223
91,-3.872480,462.134800,409.684388,491.230287,1.633995,2.184864,13.739
92,-3.151326,462.134800,409.684388,491.230287,1.312166,0.609096,12.062
93,-0.999690,462.134800,409.684388,491.230287,1.451267,0.484322,13.362
94,-2.908626,462.134800,409.684388,491.230287,1.722736,1.491474,14.550
95,-4.546591,462.134800,409.684388,491.230287,1.558712,1.488090,11.710
96,-2.338612,462.134800,409.684388,491.230287,1.667910,1.460365,11.851
97,-3.747843,462.134800,409.684388,491.230287,1.554256,1.759607,14.708
98,-6.061302,462.134800,409.684388,491.230287,1.373870,2.745229,12.247
99,-1.751114,462.134800,409.684388,491.230287,1.438645,1.238675,13.643
100,-2.623066,458.299200,418.596888,445.929813,1.952518,1.278396,28.972
101,-2.687230,458.299200,418.596888,445.929813,1.668059,1.044257,13.567
102,-5.488544,458.299200,418.596888,445.929813,1.638974,2.857096,13.463
103,-2.863267,458.299200,418.596888,445.929813,1.649973,2.411178,11.564
104,-5.434314,458.299200,418.596888,445.929813,1.882168,2.732382,14.799
105,-2.275868,458.299200,418.596888,445.929813,1.370942,1.837442,13.326
106,-4.394588,458.299200,418.596888,445.929813,1.555006,5.701268,11.348
107,-3.596519,458.299200,418.596888,445.929813,1.412156,1.559940,15.644
108,-2.665017,458.299200,418.596888,445.929813,1.482179,1.926298,12.337
109,-3.868602,458.299200,418.596888,445.929813,1.721137,0.978209,12.820
110,-1.087390,458.299200,418.596888,445.929813,1.794773,1.102028,14.311
111,-2.860444,458.299200,418.596888,445.929813,1.452875,0.863473,14.825
112,-2.820359,458.299200,418.596888,445.929813,1.607877,1.915176,12.997
113,-6.669331,458.299200,418.596888,445.929813,1.291603,1.638992,14.559
114,-7.353753,458.299200,418.596888,445.929813,1.638042,4.689886,15.903
115,-1.837613,458.299200,418.596888,445.929813,1.804731,1.866491,14.483
116,-3.252012,458.299200,418.596888,445.929813,1.893390,1.629156,12.729
117,-1.413396,458.299200,418.596888,445.929813,1.449869,0.604639,14.007
118,-1.342375,458.299200,418.596888,445.929813,1.638383,0.671408,14.207
119,-1.797893,458.299200,418.596888,445.929813,1.809990,3.138163,14.168
120,-5.183693,464.079950,418.503138,447.324788,2.064780,1.993550,31.641
121,-8.891010,464.079950,418.503138,447.324788,1.763021,17.445609,13.504
122,-2.999840,464.079950,418.503138,447.324788,1.270154,1.493218,10.471
123,-3.954444,464.079950,418.503138,447.324788,1.393135,2.169399,14.754
124,-1.879662,464.079950,418.503138,447.324788,1.492605,0.828958,14.208
125,-3.029225,464.079950,418.503138,447.324788,1.451078,1.212466,14.139
126,-4.830977,464.079950,418.503138,447.324788,1.523258,1.733514,13.789
127,-1.421664,464.079950,418.503138,447.324788,1.692578,0.808575,13.782
128,-2.051559,464.079950,418.503138,447.324788,1.514529,0.923433,13.137
129,-2.548475,464.079950,418.503138,447.324788,1.583556,1.304644,16.546
130,-2.339130,464.079950,418.503138,447.324788,1.915672,1.490002,15.129
131,-3.153774,464.079950,418.503138,447.324788,1.933267,1.696270,15.468
132,-3.095220,464.079950,418.503138,447.324788,1.527554,1.665460,13.146
133,-3.898562,464.079950,418.503138,447.324788,1.422207,1.015782,16.571
134,-1.878681,464.079950,418.503138,447.324788,1.982474,0.789903,16.275
135,-3.861585,464.079950,418.503138,447.324788,1.599523,1.122996,15.026
136,-2.534871,464.079950,418.503138,447.324788,1.546367,2.646726,12.379
137,-5.139863,464.079950,418.503138,447.324788,1.279040,1.964398,16.019
138,-4.700112,464.079950,418.503138,447.324788,1.336366,1.756420,13.445
139,-2.599737,464.079950,418.503138,447.324788,1.766296,1.554178,13.918
140,-4.913050,447.336150,410.867713,449.615988,1.680152,2.745392,34.836
141,-2.680942,447.336150,410.867713,449.615988,1.601324,2.126050,14.358
142,-3.447104,447.336150,410.867713,449.615988,1.688298,1.724852,13.943
143,-2.672229,447.336150,410.867713,449.615988,1.958665,1.375972,16.089
144,-2.830940,447.336150,410.867713,449.615988,1.877204,1.094806,13.432
145,-2.664652,447.336150,410.867713,449.615988,1.757478,1.274359,15.002
146,-3.571310,447.336150,410.867713,449.615988,1.433034,1.863496,11.819
147,-2.180911,447.336150,410.867713,449.615988,1.391959,0.729962,13.487
148,-4.529288,447.336150,410.867713,449.615988,1.652585,2.188149,13.669
149,-4.013729,447.336150,410.867713,449.615988,1.751738,1.367019,14.502
150,-3.828860,447.336150,410.867713,449.615988,1.562956,2.448283,14.927
151,-4.814750,447.336150,410.867713,449.615988,1.660442,2.565800,13.579
152,-3.449374,447.336150,410.867713,449.615988,1.847636,1.576004,15.200
153,-2.701464,447.336150,410.867713,449.615988,1.704889,0.872598,16.310
154,-4.433689,447.336150,410.867713,449.615988,1.584699,2.067264,13.212
155,-2.547248,447.336150,410.867713,449.615988,1.557168,1.030783,12.056
156,-3.557181,447.336150,410.867713,449.615988,1.551828,1.281081,13.473
157,-2.390521,447.336150,410.867713,449.615988,1.377190,1.324665,14.568
158,-2.247712,447.336150,410.867713,449.615988,1.995384,0.873396,13.496
159,-3.027203,447.336150,410.867713,449.615988,1.958804,1.329831,14.967
160,-4.472593,439.344900,410.680213,443.512188,1.648744,2.419443,32.873
161,-5.338380,439.344900,410.680213,443.512188,1.283067,0.981048,13.143
162,-1.933206,439.344900,410.680213,443.512188,1.542603,0.810677,14.652
163,-4.585109,439.344900,410.680213,443.512188,1.607284,1.213723,14.258
164,-1.446488,439.344900,410.680213,443.512188,1.600769,0.596209,14.297
165,-3.229899,439.344900,410.680213,443.512188,1.489435,1.392130,13.440
166,-2.623558,439.344900,410.680213,443.512188,1.702058,2.158882,12.925
167,-5.375169,439.344900,410.680213,443.512188,1.812679,2.027788,13.891
168,-3.445101,439.344900,410.680213,443.512188,1.585494,1.477736,14.509
169,-2.736665,439.344900,410.680213,443.512188,1.713028,1.831146,14.346
170,-3.675486,439.344900,410.680213,443.512188,1.765440,1.325861,13.504
171,-3.730957,439.344900,410.680213,443.512188,1.703008,1.363448,13.700
172,-1.269453,439.344900,410.680213,443.512188,1.596717,0.867263,14.907
173,-3.477678,439.344900,410.680213,443.512188,1.558758,1.166018,13.323
174,-1.563974,439.344900,410.680213,443.512188,1.881882,0.978392,12.392
175,-4.042638,439.344900,410.680213,443.512188,1.800906,1.004895,12.154
176,-6.797675,439.344900,410.680213,443.512188,1.544571,1.802048,12.726
177,-2.820014,439.344900,410.680213,443.512188,2.066340,0.973002,13.489
178,-2.461028,439.344900,410.680213,443.512188,2.041468,0.634781,12.881
179,-2.042333,439.344900,410.680213,443.512188,1.788679,0.896362,13.011
180,-2.482152,425.410225,410.680213,440.684637,1.425397,1.260663,32.408
181,-4.493414,425.410225,410.680213,440.684637,1.802256,2.079690,16.425
182,-5.596123,425.410225,410.680213,440.684637,1.613137,2.107740,14.270
183,-3.780583,425.410225,410.680213,440.684637,1.722313,2.083354,13.547
184,-3.957408,425.410225,410.680213,440.684637,1.923992,1.249209,15.104
185,-4.130753,425.410225,410.680213,440.684637,1.481937,2.370300,12.976
186,-5.577037,425.410225,410.680213,440.684637,1.269133,2.997776,10.206
187,-3.950111,425.410225,410.680213,440.684637,1.793247,1.363617,13.784
188,-3.348105,425.410225,410.680213,440.684637,1.495099,1.271876,13.274
189,-3.933198,425.410225,410.680213,440.684637,1.338245,1.815319,13.367
190,-2.545584,425.410225,410.680213,440.684637,1.042578,1.525957,12.974
191,-2.080084,425.410225,410.680213,440.684637,1.712023,0.728255,14.016
192,-2.914053,425.410225,410.680213,440.684637,1.772228,1.418613,15.159
193,-2.741833,425.410225,410.680213,440.684637,1.929456,0.631272,15.002
194,-4.059119,425.410225,410.680213,440.684637,1.128516,1.244417,14.944
195,-2.132070,425.410225,410.680213,440.684637,1.526200,0.859118,13.079
196,-3.020136,425.410225,410.680213,440.684637,2.064465,0.656412,13.288
197,-1.345206,425.410225,410.680213,440.684637,1.620348,1.710944,15.807
198,-5.250886,425.410225,410.680213,440.684637,1.829798,2.335944,13.786
199,-4.554858,425.410225,410.680213,440.684637,1.899604,1.833819,15.755
200,-2.180476,420.670125,410.680213,436.755262,2.139947,1.020961,32.424
201,-2.467226,420.670125,410.680213,436.755262,2.055560,0.723508,15.209
202,-2.070133,420.670125,410.680213,436.755262,1.617979,1.188232,14.826
203,-3.567278,420.670125,410.680213,436.755262,1.564528,0.938161,13.571
204,-1.718557,420.670125,410.680213,436.755262,1.799453,1.172792,14.946
205,-2.641403,420.670125,410.680213,436.755262,1.860136,1.180950,10.908
206,-2.882362,420.670125,410.680213,436.755262,1.482985,1.285579,12.802
207,-3.115190,420.670125,410.680213,436.755262,1.395934,1.154898,12.111
208,-1.751498,420.670125,410.680213,436.755262,1.611320,1.403117,15.048
209,-3.918471,420.670125,410.680213,436.755262,1.607578,0.664024,14.567
210,-2.340560,420.670125,410.680213,436.755262,2.109372,0.645019,17.267
211,-2.493626,420.670125,410.680213,436.755262,1.585521,0.909160,13.664
212,-5.655574,420.670125,410.680213,436.755262,1.713247,1.646393,13.542
213,-2.085407,420.670125,410.680213,436.755262,1.395892,1.426357,12.772
214,-2.441067,420.670125,410.680213,436.755262,1.659491,0.773745,13.511
215,-1.345286,420.670125,410.680213,436.755262,1.900612,0.501077,13.172
216,-1.998176,420.670125,410.680213,436.755262,1.773914,1.241191,15.149
217,-4.721328,420.670125,410.680213,436.755262,1.645446,1.359193,13.542
218,-2.232145,420.670125,410.680213,436.755262,1.962951,2.026253,15.284
219,-2.415300,420.670125,410.680213,436.755262,1.745104,1.135146,14.908
220,-2.586370,428.653800,410.680213,443.141931,1.486868,1.321995,31.750
221,-4.260819,428.653800,410.680213,443.141931,2.035317,2.146611,13.649
222,-4.096318,428.653800,410.680213,443.141931,1.581718,1.707211,11.755
223,-2.921849,428.653800,410.680213,443.141931,1.920121,1.346511,13.974
224,-2.339719,428.653800,410.680213,443.141931,1.764507,0.591657,14.255
225,-4.180118,428.653800,410.680213,443.141931,1.774138,3.528660,14.355
226,-5.041400,428.653800,410.680213,443.141931,1.103520,1.115601,11.206
227,-4.256170,428.653800,410.680213,443.141931,1.297593,2.520922,16.984
228,-2.729945,428.653800,410.680213,443.141931,1.711933,1.808838,14.568
229,-3.283129,428.653800,410.680213,443.141931,1.554194,1.451654,15.565
230,-0.632694,428.653800,410.680213,443.141931,1.587763,0.938683,12.417
231,-3.294655,428.653800,410.680213,443.141931,1.370497,1.595098,15.034
232,-3.281508,428.653800,410.680213,443.141931,1.622385,1.954238,14.317
233,-2.190697,428.653800,410.680213,443.141931,1.786608,1.560490,12.375
234,-2.831589,428.653800,410.680213,443.141931,1.602848,4.858340,13.533
235,-4.637777,428.653800,410.680213,443.141931,1.452552,2.518488,13.283
236,-3.298159,428.653800,410.680213,443.141931,1.664055,1.015453,14.290
237,-1.461176,428.653800,410.680213,443.141931,1.990021,0.882887,15.231
238,-3.198036,428.653800,410.680213,443.141931,1.523626,1.305926,15.351
239,-4.570822,428.653800,410.680213,443.141931,2.229616,1.753495,15.166
240,-4.048372,438.777863,410.680213,470.935163,2.048267,1.675569,33.310
241,-4.443068,438.777863,410.680213,470.935163,1.616929,2.567750,11.865
242,-1.715604,438.777863,410.680213,470.935163,1.808974,0.643715,11.754
243,-2.956833,438.777863,410.680213,470.935163,1.850432,1.183018,13.657
244,-3.126297,438.777863,410.680213,470.935163,1.588810,1.830652,12.711
245,-2.118442,438.777863,410.680213,470.935163,1.345760,0.538477,12.534
246,-2.129239,438.777863,410.680213,470.935163,1.544698,0.394612,12.719
247,-0.969608,438.777863,410.680213,470.935163,1.618312,0.507720,14.541
248,-3.122533,438.777863,410.680213,470.935163,1.714600,1.770817,14.605
249,-5.708377,438.777863,410.680213,470.935163,1.881561,2.018471,17.424
250,-1.739716,438.777863,410.680213,470.935163,1.470282,0.605671,12.610
251,-4.836559,438.777863,410.680213,470.935163,1.889157,1.345165,16.432
252,-3.974541,438.777863,410.680213,470.935163,1.607238,1.918771,15.847
253,-3.349949,438.777863,410.680213,470.935163,1.703827,1.303777,15.238
254,-2.278591,438.777863,410.680213,470.935163,1.266412,0.607391,12.563
255,-2.822074,438.777863,410.680213,470.935163,1.759651,2.704520,14.158
256,-3.096945,438.777863,410.680213,470.935163,1.200097,1.811170,13.030
257,-5.365880,438.777863,410.680213,470.935163,1.691531,2.886023,10.648
258,-3.809199,438.777863,410.680213,470.935163,1.702372,3.026421,18.448
259,-3.806369,438.777863,410.680213,470.935163,1.853252,1.751766,14.552
260,-1.202980,476.232300,410.680213,521.584456,1.694347,0.845043,32.390
261,-2.400672,476.232300,410.680213,521.584456,1.390726,1.192922,11.917
262,-4.692510,476.232300,410.680213,521.584456,1.694769,2.399906,15.041
263,-2.191116,476.232300,410.680213,521.584456,1.411943,1.167159,15.672
264,-2.458782,476.232300,410.680213,521.584456,1.471923,1.303961,12.289
265,-3.623185,476.232300,410.680213,521.584456,1.635226,2.201161,11.107
266,-5.113557,476.232300,410.680213,521.584456,1.423365,2.296604,14.659
267,-4.342985,476.232300,410.680213,521.584456,1.426573,1.170068,16.873
268,-2.110236,476.232300,410.680213,521.584456,1.814473,1.029436,13.074
269,-4.588661,476.232300,410.680213,521.584456,1.339836,1.237260,12.539
270,-1.377666,476.232300,410.680213,521.584456,1.897960,0.739002,14.572
271,-2.783688,476.232300,410.680213,521.584456,1.472849,0.834178,13.947
272,-2.144317,476.232300,410.680213,521.584456,1.359430,1.121002,12.643
273,-2.421776,476.232300,410.680213,521.584456,1.784841,0.550811,13.501
274,-2.894505,476.232300,410.680213,521.584456,1.650650,1.589444,14.890
275,-3.107781,476.232300,410.680213,521.584456,1.379879,0.739222,14.085
276,-2.013681,476.232300,410.680213,521.584456,1.668620,0.754380,12.404
277,-4.324001,476.232300,410.680213,521.584456,1.704542,1.252466,12.743
278,-3.711337,476.232300,410.680213,521.584456,1.396543,1.870673,14.455
279,-4.872876,476.232300,410.680213,521.584456,1.438502,1.258452,14.064
280,-2.928524,463.642375,410.680213,448.660937,1.905576,0.997963,29.437
281,-3.401845,463.642375,410.680213,448.660937,1.590616,1.904197,14.384
282,-3.963049,463.642375,410.680213,448.660937,1.878537,1.931149,13.451
283,-2.460869,463.642375,410.680213,448.660937,1.629397,0.925112,14.862
284,-2.370989,463.642375,410.680213,448.660937,1.650226,0.595294,14.884
285,-2.039413,463.642375,410.680213,448.660937,1.773874,1.037950,11.941
286,-3.970064,463.642375,410.680213,448.660937,1.440322,1.167214,12.742
287,-3.996770,463.642375,410.680213,448.660937,1.302078,1.855057,14.461
288,-2.722962,463.642375,410.680213,448.660937,1.619967,1.058167,13.761
289,-3.049825,463.642375,410.680213,448.660937,1.697526,1.324104,13.211
290,-2.550991,463.642375,410.680213,448.660937,1.650471,0.771539,13.884
291,-3.759199,463.642375,410.680213,448.660937,1.408819,2.344624,15.405
292,-3.276593,463.642375,410.680213,448.660937,1.675257,1.292742,12.929
293,-3.228817,463.642375,410.680213,448.660937,1.846708,1.356798,14.995
294,-2.333602,463.642375,410.680213,448.660937,1.287458,1.607862,10.321
295,-3.389493,463.642375,410.680213,448.660937,1.633158,2.747681,14.583
296,-3.521787,463.642375,410.680213,448.660937,1.433358,0.772692,13.301
297,-2.008371,463.642375,410.680213,448.660937,1.454268,0.916200,13.876
298,-4.896153,463.642375,410.680213,448.660937,1.701696,2.852704,15.814
299,-3.086757,463.642375,410.680213,448.660937,1.433474,1.789342,14.974
300,-3.559150,515.384025,410.680213,580.097594,1.484859,3.976777,28.440
301,-2.915338,515.384025,410.680213,580.097594,1.791484,2.771634,15.082
302,-5.374609,515.384025,410.680213,580.097594,1.480752,2.605340,15.675
303,-3.094034,515.384025,410.680213,580.097594,1.445643,2.373572,9.284
304,-1.765088,515.384025,410.680213,580.097594,1.428614,0.619648,10.446
305,-2.885737,515.384025,410.680213,580.097594,1.499174,1.110146,12.583
306,-4.355700,515.384025,410.680213,580.097594,1.540272,2.812652,10.958
307,-1.771593,515.384025,410.680213,580.097594,1.383185,0.965231,11.945
308,-3.683562,515.384025,410.680213,580.097594,1.471681,1.566093,14.611
309,-2.503979,515.384025,410.680213,580.097594,1.643077,1.136193,15.191
310,-3.097951,515.384025,410.680213,580.097594,1.449199,0.741063,12.235
311,-2.399475,515.384025,410.680213,580.097594,1.306292,0.856535,13.945
312,-3.918627,515.384025,410.680213,580.097594,1.404618,1.237943,14.016
313,-2.062424,515.384025,410.680213,580.097594,1.767575,1.097574,14.640
314,-3.052252,515.384025,410.680213,580.097594,1.464229,1.697183,13.383
315,-4.381746,515.384025,410.680213,580.097594,2.094173,2.303612,13.671
316,-3.559318,515.384025,410.680213,580.097594,1.466952,1.065044,14.580
317,-4.767242,515.384025,410.680213,580.097594,1.517457,1.780778,15.593
318,-0.965312,515.384025,410.680213,580.097594,1.416931,0.749259,12.292
319,-3.304098,515.384025,410.680213,580.097594,1.372683,1.390386,18.144
320,-2.030982,449.239650,410.680213,452.036563,1.551914,1.090688,30.022
321,-2.914345,449.239650,410.680213,452.036563,1.650738,1.110709,15.414
322,-2.546294,449.239650,410.680213,452.036563,1.467243,0.434429,13.162
323,-2.392598,449.239650,410.680213,452.036563,1.600426,1.497063,12.945
324,-2.245008,449.239650,410.680213,452.036563,1.437000,0.762484,13.844
325,-4.524203,449.239650,410.680213,452.036563,1.497256,1.914931,12.559
326,-3.919215,449.239650,410.680213,452.036563,1.915492,1.667245,10.103
327,-3.196786,449.239650,410.680213,452.036563,1.871449,1.582965,9.644
328,-2.602285,449.239650,410.680213,452.036563,2.096629,0.854579,13.884
329,-4.394843,449.239650,410.680213,452.036563,1.265090,1.365721,14.216
330,-1.517784,449.239650,410.680213,452.036563,1.646846,0.681807,13.268
331,-4.580876,449.239650,410.680213,452.036563,1.244937,1.721691,13.797
332,-3.440821,449.239650,410.680213,452.036563,1.525935,1.102125,16.616
333,-2.787800,449.239650,410.680213,452.036563,2.104584,1.858480,14.334
334,-2.246738,449.239650,410.680213,452.036563,2.105229,1.630506,13.371
335,-4.257688,449.239650,410.680213,452.036563,1.747474,1.350665,12.639
336,-3.238464,449.239650,410.680213,452.036563,2.132865,0.742279,14.202
337,-3.520572,449.239650,410.680213,452.036563,1.619972,1.291975,15.271
338,-1.782867,449.239650,410.680213,452.036563,1.760182,0.830491,14.919
339,-1.766568,449.239650,410.680213,452.036563,1.943511,2.901252,13.080
340,-3.271411,438.274575,410.680213,438.107213,1.957399,1.532523,32.082
341,-4.565743,438.274575,410.680213,438.107213,1.274522,3.052707,14.971
342,-5.775137,438.274575,410.680213,438.107213,1.907572,2.373984,15.131
343,-2.767482,438.274575,410.680213,438.107213,1.458425,2.081304,13.608
344,-2.051350,438.274575,410.680213,438.107213,1.699208,1.027540,15.700
345,-3.288771,438.274575,410.680213,438.107213,1.725450,2.466625,9.463
346,-5.801443,438.274575,410.680213,438.107213,1.919021,1.263273,11.629
347,-2.740340,438.274575,410.680213,438.107213,1.587690,1.195232,11.056
348,-2.549702,438.274575,410.680213,438.107213,1.344316,1.017612,13.489
349,-2.251987,438.274575,410.680213,438.107213,1.664523,0.528666,13.536
350,-3.230338,438.274575,410.680213,438.107213,1.343027,1.861386,12.149
351,-3.260382,438.274575,410.680213,438.107213,1.477841,0.766749,16.001
352,-3.379268,438.274575,410.680213,438.107213,1.650015,1.852796,12.027
353,-2.138401,438.274575,410.680213,438.107213,1.581321,0.908331,12.607
354,-3.224232,438.274575,410.680213,438.107213,1.483892,1.559737,13.684
355,-2.630702,438.274575,410.680213,438.107213,1.443464,0.967816,15.526
356,-2.646779,438.274575,410.680213,438.107213,1.583756,1.692541,13.864
357,-2.326496,438.274575,410.680213,438.107213,1.629000,1.106866,14.120
358,-2.483914,438.274575,410.680213,438.107213,1.354955,1.338298,14.288
359,-1.773283,438.274575,410.680213,438.107213,1.694195,0.694848,14.722
360,-5.348371,431.478800,410.680213,433.939937,1.146193,2.701338,33.927
361,-4.124406,431.478800,410.680213,433.939937,1.449038,1.476089,14.292
362,-2.689741,431.478800,410.680213,433.939937,1.542019,1.035772,16.066
363,-2.502135,431.478800,410.680213,433.939937,1.681532,1.533360,14.389
364,-6.628866,431.478800,410.680213,433.939937,1.916550,10.051910,14.422
365,-2.225420,431.478800,410.680213,433.939937,1.652989,1.447276,13.335
366,-4.510843,431.478800,410.680213,433.939937,1.612611,1.217585,11.918
367,-2.181181,431.478800,410.680213,433.939937,1.557781,0.506092,12.806
368,-2.164567,431.478800,410.680213,433.939937,1.342364,1.062710,16.545
369,-2.525086,431.478800,410.680213,433.939937,1.307491,1.220779,13.531
370,-3.561862,431.478800,410.680213,433.939937,1.640762,1.776444,13.805
371,-3.899120,431.478800,410.680213,433.939937,1.603059,2.660294,15.143
372,-3.242347,431.478800,410.680213,433.939937,1.781527,1.099605,15.954
373,-2.170210,431.478800,410.680213,433.939937,2.309261,1.154744,11.436
374,-2.112104,431.478800,410.680213,433.939937,1.767707,1.059578,14.770
375,-1.556422,431.478800,410.680213,433.939937,1.850355,0.417592,15.308
376,-1.743749,431.478800,410.680213,433.939937,1.633652,0.661871,12.539
377,-3.944560,431.478800,410.680213,433.939937,1.977812,2.962313,13.411
378,-3.768085,431.478800,410.680213,433.939937,1.570425,2.084668,16.700
379,-2.236828,431.478800,410.680213,433.939937,1.533611,2.783060,12.108
380,-5.424464,422.574300,410.680213,432.066837,1.510211,2.890370,32.524
381,-4.124146,422.574300,410.680213,432.066837,1.612564,2.562261,13.560
382,-3.465701,422.574300,410.680213,432.066837,1.613617,1.136026,12.848
383,-3.789331,422.574300,410.680213,432.066837,1.473882,1.499013,14.123
384,-2.657761,422.574300,410.680213,432.066837,1.516275,2.039525,14.821
385,-4.028874,422.574300,410.680213,432.066837,1.487328,1.831800,11.351
386,-6.824424,422.574300,410.680213,432.066837,1.206457,2.170389,11.409
387,-1.568760,422.574300,410.680213,432.066837,1.760852,1.087461,10.582
388,-2.689123,422.574300,410.680213,432.066837,1.719956,1.112439,16.528
389,-6.141366,422.574300,410.680213,432.066837,1.415339,1.575239,12.583
390,-2.249984,422.574300,410.680213,432.066837,1.356775,2.059044,12.763
391,-3.318632,422.574300,410.680213,432.066837,1.717747,0.963926,13.009
392,-1.494426,422.574300,410.680213,432.066837,1.870915,0.541501,14.988
393,-1.915957,422.574300,410.680213,432.066837,1.360059,0.618129,12.264
394,-2.782520,422.574300,410.680213,432.066837,1.529291,1.408811,14.480
395,-3.487418,422.574300,410.680213,432.066837,1.684945,2.407396,13.529
396,-9.945903,422.574300,410.680213,432.066837,1.705859,38.035302,15.535
397,-1.011008,422.574300,410.680213,432.066837,1.595363,1.016676,14.345
398,-4.528912,422.574300,410.680213,432.066837,1.604531,0.703695,15.030
399,-3.012022,422.574300,410.680213,432.066837,1.479673,1.183607,14.114
400,-4.025986,424.730675,410.680213,431.106562,1.674380,1.435645,29.557
401,-2.906058,424.730675,410.680213,431.106562,1.587128,0.644084,15.745
402,-2.405770,424.730675,410.680213,431.106562,1.368559,1.851907,15.478
403,-2.939913,424.730675,410.680213,431.106562,1.674415,0.894038,13.734
404,-3.809973,424.730675,410.680213,431.106562,1.701579,1.396513,16.163
405,-2.434914,424.730675,410.680213,431.106562,1.451278,1.539866,11.405
406,-2.218844,424.730675,410.680213,431.106562,2.018982,0.547539,13.244
407,-4.679801,424.730675,410.680213,431.106562,2.015907,3.685021,12.921
408,-3.713292,424.730675,410.680213,431.106562,1.755519,2.981013,13.753
409,-5.278156,424.730675,410.680213,431.106562,1.556997,1.641015,11.852
410,-2.775622,424.730675,410.680213,431.106562,1.523242,0.560778,15.197
411,-3.464204,424.730675,410.680213,431.106562,1.300834,2.127048,12.412
412,-3.208969,424.730675,410.680213,431.106562,2.082247,1.168825,14.804
413,-3.306762,424.730675,410.680213,431.106562,1.487942,1.179135,13.246
414,-4.173149,424.730675,410.680213,431.106562,1.681167,1.497207,12.859
415,-3.656627,424.730675,410.680213,431.106562,1.986158,1.105532,12.914
416,-1.427128,424.730675,410.680213,431.106562,1.849832,0.769202,15.181
417,-3.049431,424.730675,410.680213,431.106562,1.628340,0.970629,13.436
418,-1.837970,424.730675,410.680213,431.106562,1.490063,1.164381,14.966
419,-3.547687,424.730675,410.680213,431.106562,1.542275,1.596903,13.491
420,-5.371825,431.478800,410.680213,433.846238,1.623908,2.009941,32.766
421,-3.546309,431.478800,410.680213,433.846238,2.233429,1.901250,15.454
422,-3.358189,431.478800,410.680213,433.846238,1.687328,0.984094,13.634
423,-1.884374,431.478800,410.680213,433.846238,2.163311,0.618642,12.990
424,-0.493681,431.478800,410.680213,433.846238,1.590084,0.810018,14.172
425,-3.724708,431.478800,410.680213,433.846238,1.515994,1.784940,14.315
426,-3.735068,431.478800,410.680213,433.846238,1.419490,1.365522,11.440
427,-1.995636,431.478800,410.680213,433.846238,1.487995,2.896873,11.060
428,-6.444128,431.478800,410.680213,433.846238,1.374422,5.681020,11.937
429,-3.545870,431.478800,410.680213,433.846238,2.243402,2.297119,13.762
430,-2.947362,431.478800,410.680213,433.846238,1.714590,2.352345,14.031
431,-4.672591,431.478800,410.680213,433.846238,1.404670,1.381134,12.187
432,-2.543932,431.478800,410.680213,433.846238,1.391487,0.705837,13.945
433,-3.854326,431.478800,410.680213,433.846238,1.532750,4.032546,15.158
434,-4.179737,431.478800,410.680213,433.846238,1.472390,4.039708,13.284
435,-7.050172,431.478800,410.680213,433.846238,1.388786,2.519260,13.155
436,-5.842436,431.478800,410.680213,433.846238,1.199066,1.861327,11.673
437,-3.723224,431.478800,410.680213,433.846238,1.733775,4.126632,13.497
438,-3.238489,431.478800,410.680213,433.846238,1.970806,2.567628,14.276
439,-2.349153,431.478800,410.680213,433.846238,1.756407,1.891935,14.278
440,-3.911539,431.478800,410.680213,437.768412,1.541168,1.209430,33.525
441,-2.686375,431.478800,410.680213,437.768412,1.993532,0.899779,18.503
442,-2.364651,431.478800,410.680213,437.768412,1.998979,1.734790,12.787
443,-3.332136,431.478800,410.680213,437.768412,1.563332,1.225051,13.686
444,-2.496420,431.478800,410.680213,437.768412,1.652638,1.547173,13.535
445,-2.689399,431.478800,410.680213,437.768412,1.747007,1.386477,14.730
446,-3.560921,431.478800,410.680213,437.768412,1.774323,0.868741,10.988
447,-2.805744,431.478800,410.680213,437.768412,1.976820,1.100820,9.827
448,-1.410178,431.478800,410.680213,437.768412,1.913781,1.197195,9.654
449,-2.749763,431.478800,410.680213,437.768412,1.599084,0.930026,13.196
450,-1.963434,431.478800,410.680213,437.768412,1.458173,0.822254,14.430
451,-3.035913,431.478800,410.680213,437.768412,1.204006,1.030703,14.318
452,-2.447983,431.478800,410.680213,437.768412,1.410166,0.757587,17.033
453,-3.033538,431.478800,410.680213,437.768412,1.464086,1.706669,13.540
454,-4.732863,431.478800,410.680213,437.768412,1.503293,1.946032,15.476
455,-5.009363,431.478800,410.680213,437.768412,1.391459,1.318801,13.306
456,-2.697333,431.478800,410.680213,437.768412,1.790021,2.677392,13.121
457,-4.681830,431.478800,410.680213,437.768412,1.483827,2.049565,15.150
458,-3.002896,431.478800,410.680213,437.768412,1.630656,1.527396,15.005
459,-4.019825,431.478800,410.680213,437.768412,1.329842,1.577929,14.131
460,-3.812682,434.888800,410.680213,441.488738,1.339256,1.833849,31.053
461,-5.212205,434.888800,410.680213,441.488738,1.513545,1.331935,12.273
462,-2.186245,434.888800,410.680213,441.488738,1.553108,1.565791,16.636
463,-4.150317,434.888800,410.680213,441.488738,1.730337,1.205942,13.261
464,-2.875317,434.888800,410.680213,441.488738,1.290392,0.763021,14.409
465,-1.848752,434.888800,410.680213,441.488738,1.790772,1.054774,15.088
466,-3.177210,434.888800,410.680213,441.488738,1.704343,2.314431,13.839
467,-5.792790,434.888800,410.680213,441.488738,1.810676,3.480805,12.012
468,-2.768444,434.888800,410.680213,441.488738,1.831417,1.492287,10.565
469,-4.939518,434.888800,410.680213,441.488738,1.593102,1.949058,11.691
470,-4.669815,434.888800,410.680213,441.488738,1.652550,1.079873,15.510
471,-4.191232,434.888800,410.680213,441.488738,1.388058,3.143067,13.174
472,-2.878146,434.888800,410.680213,441.488738,1.535630,1.746254,14.345
473,-2.083345,434.888800,410.680213,441.488738,1.410258,0.605398,15.132
474,-2.400639,434.888800,410.680213,441.488738,1.407051,0.995540,15.243
475,-3.647146,434.888800,410.680213,441.488738,1.513789,0.719854,12.500
476,-2.301222,434.888800,410.680213,441.488738,1.872584,1.471029,14.130
477,-3.218723,434.888800,410.680213,441.488738,1.972296,2.278040,14.694
478,-3.811643,434.888800,410.680213,441.488738,1.543061,1.477518,13.581
479,-2.652173,434.888800,410.680213,441.488738,1.656628,1.309278,13.880
480,-3.154025,433.886300,410.680213,439.626237,1.877799,1.839566,34.535
481,-5.176078,433.886300,410.680213,439.626237,1.650377,1.543434,13.601
482,-2.717276,433.886300,410.680213,439.626237,1.931395,1.823935,15.650
483,-3.773499,433.886300,410.680213,439.626237,1.682407,1.321225,14.270
484,-3.525694,433.886300,410.680213,439.626237,1.526016,1.201933,13.548
485,-2.931303,433.886300,410.680213,439.626237,1.981659,2.365175,16.433
486,-3.236493,433.886300,410.680213,439.626237,1.725140,1.303352,15.619
487,-2.392605,433.886300,410.680213,439.626237,1.436483,1.078886,15.090
488,-2.008827,433.886300,410.680213,439.626237,1.802468,0.948323,11.483
489,-2.911197,433.886300,410.680213,439.626237,1.589513,1.035044,9.243
490,-2.730329,433.886300,410.680213,439.626237,1.767383,2.370239,10.488
491,-4.093588,433.886300,410.680213,439.626237,1.710931,1.349433,14.151
492,-3.197328,433.886300,410.680213,439.626237,2.275664,1.325776,15.511
493,-2.958073,433.886300,410.680213,439.626237,1.709366,2.117489,13.525
494,-5.424373,433.886300,410.680213,439.626237,2.196758,1.933451,14.719
495,-2.880710,433.886300,410.680213,439.626237,1.647749,1.332862,13.815
496,-2.971419,433.886300,410.680213,439.626237,1.480146,1.092252,13.443
497,-2.462192,433.886300,410.680213,439.626237,1.930703,0.500843,15.177
498,-1.569041,433.886300,410.680213,439.626237,1.487906,0.862671,16.181
499,-3.091758,433.886300,410.680213,439.626237,1.849419,0.875467,14.979
500,-3.313584,424.797500,410.680213,431.868687,1.384939,1.379874,32.313
501,-1.852230,424.797500,410.680213,431.868687,1.345567,0.900283,15.383
502,-2.496776,424.797500,410.680213,431.868687,1.562252,0.935247,13.849
503,-4.101051,424.797500,410.680213,431.868687,1.453256,0.935530,13.475
504,-1.242828,424.797500,410.680213,431.868687,1.285582,0.957826,15.431
505,-2.858056,424.797500,410.680213,431.868687,1.163873,1.418676,13.112
506,-4.667758,424.797500,410.680213,431.868687,1.706118,0.825559,13.755
507,-2.101825,424.797500,410.680213,431.868687,1.517359,1.925261,14.503
508,-2.974698,424.797500,410.680213,431.868687,1.849394,0.965780,13.940
509,-3.096697,424.797500,410.680213,431.868687,1.380794,1.010033,10.576
510,-2.796425,424.797500,410.680213,431.868687,1.379445,1.556283,8.217
511,-4.423516,424.797500,410.680213,431.868687,1.712743,2.593484,12.000
512,-2.625985,424.797500,410.680213,431.868687,2.029302,1.542383,14.629
513,-3.089918,424.797500,410.680213,431.868687,1.630135,0.831711,15.862
514,-2.698799,424.797500,410.680213,431.868687,1.899907,1.854325,13.360
515,-3.454647,424.797500,410.680213,431.868687,1.634350,0.886189,13.431
516,-2.955256,424.797500,410.680213,431.868687,1.742904,0.951692,12.393
517,-2.562448,424.797500,410.680213,431.868687,1.561626,1.052303,13.735
518,-3.801691,424.797500,410.680213,431.868687,1.541920,0.570414,14.186
519,-3.480792,424.797500,410.680213,431.868687,1.759989,1.764209,14.359
520,-3.357451,425.797500,410.680213,426.478687,1.713486,1.234166,29.456
521,-1.681597,425.797500,410.680213,426.478687,1.668931,1.261922,16.437
522,-6.713798,425.797500,410.680213,426.478687,1.417645,2.155055,11.502
523,-3.292491,425.797500,410.680213,426.478687,1.944597,1.532265,14.977
524,-2.092909,425.797500,410.680213,426.478687,1.788167,1.135451,11.939
525,-3.341516,425.797500,410.680213,426.478687,2.239871,1.330820,14.808
526,-2.299983,425.797500,410.680213,426.478687,1.897065,0.956065,13.666
527,-1.174425,425.797500,410.680213,426.478687,1.769480,0.826004,12.980
528,-2.410256,425.797500,410.680213,426.478687,1.803866,0.763432,14.442
529,-4.286347,425.797500,410.680213,426.478687,1.637513,1.634563,13.115
530,-2.986373,425.797500,410.680213,426.478687,1.437613,0.976767,11.437
531,-3.784822,425.797500,410.680213,426.478687,1.699192,1.768266,9.322
532,-3.350924,425.797500,410.680213,426.478687,1.607786,0.601797,12.077
533,-3.686015,425.797500,410.680213,426.478687,1.833416,1.327336,13.214
534,-2.272466,425.797500,410.680213,426.478687,1.277412,0.504116,13.097
535,-3.058392,425.797500,410.680213,426.478687,1.711676,0.674429,12.543
536,-2.380584,425.797500,410.680213,426.478687,1.691302,0.832791,11.713
537,-3.081331,425.797500,410.680213,426.478687,1.932018,0.944204,13.437
538,-1.386053,425.797500,410.680213,426.478687,1.909531,0.608112,13.490
539,-2.982668,425.797500,410.680213,426.478687,1.855635,2.965564,14.814
540,-3.649857,431.382500,410.680213,434.505262,2.061505,0.856858,33.501
541,-2.350590,431.382500,410.680213,434.505262,1.663782,0.895499,15.308
542,-0.999027,431.382500,410.680213,434.505262,1.714551,1.159936,14.163
543,-2.837462,431.382500,410.680213,434.505262,1.334670,0.562243,11.902
544,-3.380159,431.382500,410.680213,434.505262,1.754779,1.463683,14.678
545,-3.161390,431.382500,410.680213,434.505262,2.085200,2.026104,17.457
546,-1.685175,431.382500,410.680213,434.505262,1.675458,1.221679,11.753
547,-3.476644,431.382500,410.680213,434.505262,1.475894,1.586552,13.472
548,-2.161434,431.382500,410.680213,434.505262,1.750480,2.470022,13.356
549,-6.108047,431.382500,410.680213,434.505262,1.279369,2.459510,13.444
550,-1.744903,431.382500,410.680213,434.505262,1.500837,0.667405,13.298
551,-2.605044,431.382500,410.680213,434.505262,1.778517,2.566529,10.471
552,-2.774015,431.382500,410.680213,434.505262,1.598479,1.274668,14.175
553,-3.151271,431.382500,410.680213,434.505262,1.719835,1.461327,13.764
554,-2.705614,431.382500,410.680213,434.505262,1.391245,1.671667,14.179
555,-3.044787,431.382500,410.680213,434.505262,1.658110,1.468426,12.641
556,-1.378033,431.382500,410.680213,434.505262,1.868941,1.969634,13.415
557,-6.970801,431.382500,410.680213,434.505262,1.551155,1.200506,14.841
558,-2.179730,431.382500,410.680213,434.505262,1.799387,1.033785,13.847
559,-3.486335,431.382500,410.680213,434.505262,1.791253,3.206962,15.032
560,-5.645383,433.388150,410.680213,433.630262,2.149134,2.375106,29.420
561,-2.807919,433.388150,410.680213,433.630262,1.853953,1.245075,13.850
562,-2.540445,433.388150,410.680213,433.630262,1.991392,2.469067,17.176
563,-1.970172,433.388150,410.680213,433.630262,1.419920,0.651612,15.225
564,-3.407000,433.388150,410.680213,433.630262,1.747944,2.476611,14.636
565,-4.788246,433.388150,410.680213,433.630262,1.809127,2.244243,14.633
566,-4.043216,433.388150,410.680213,433.630262,1.760952,4.454654,13.541
567,-3.641123,433.388150,410.680213,433.630262,1.773055,2.073774,15.957
568,-3.214280,433.388150,410.680213,433.630262,1.600924,2.220160,12.485
569,-3.795578,433.388150,410.680213,433.630262,1.207022,1.164649,14.876
570,-2.732049,433.388150,410.680213,433.630262,1.888044,1.777342,13.288
571,-2.070387,433.388150,410.680213,433.630262,1.483136,1.525444,12.010
572,-3.957546,433.388150,410.680213,433.630262,1.255681,2.727495,13.568
573,-2.281094,433.388150,410.680213,433.630262,1.462723,2.164977,12.046
574,-4.352544,433.388150,410.680213,433.630262,1.613818,1.773415,15.123
575,-5.083465,433.388150,410.680213,433.630262,1.668876,2.353971,14.031
576,-1.438452,433.388150,410.680213,433.630262,1.587469,1.216068,11.655
577,-3.576847,433.388150,410.680213,433.630262,1.761707,1.539115,13.127
578,-2.596134,433.388150,410.680213,433.630262,1.897007,1.116460,15.076
579,-0.964396,433.388150,410.680213,433.630262,1.865898,1.078268,13.825
580,-3.755022,443.071450,410.680213,448.682762,1.581544,0.781295,29.209
581,-3.225523,443.071450,410.680213,448.682762,1.690946,1.231776,14.668
582,-3.063934,443.071450,410.680213,448.682762,1.413356,1.638493,11.475
583,-2.034135,443.071450,410.680213,448.682762,1.891553,0.949355,14.202
584,-3.602697,443.071450,410.680213,448.682762,1.568120,1.584392,14.679
585,-3.493170,443.071450,410.680213,448.682762,1.703762,1.860495,14.114
586,-2.670551,443.071450,410.680213,448.682762,1.301003,1.380620,12.896
587,-2.728443,443.071450,410.680213,448.682762,1.927784,1.604160,15.438
588,-1.595447,443.071450,410.680213,448.682762,1.737099,0.967127,12.662
589,-2.136475,443.071450,410.680213,448.682762,1.464994,0.832992,13.460
590,-4.361742,443.071450,410.680213,448.682762,1.286859,1.160669,14.397
591,-1.591129,443.071450,410.680213,448.682762,1.716930,0.928389,11.905
592,-3.623160,443.071450,410.680213,448.682762,1.535499,0.744552,11.997
593,-2.218614,443.071450,410.680213,448.682762,1.727838,1.407270,11.271
594,-3.792709,443.071450,410.680213,448.682762,1.581627,1.182629,15.948
595,-2.549241,443.071450,410.680213,448.682762,2.006477,1.390866,11.878
596,-2.782578,443.071450,410.680213,448.682762,1.879075,1.183329,12.923
597,-2.007771,443.071450,410.680213,448.682762,1.786834,0.626628,15.161
598,-1.189440,443.071450,410.680213,448.682762,1.842979,0.473488,12.033
599,-4.358990,443.071450,410.680213,448.682762,2.191596,1.733368,13.781
600,-2.262757,439.074575,410.680213,432.630262,1.603477,0.690459,29.440
601,-2.770373,439.074575,410.680213,432.630262,1.566862,2.760761,13.019
602,-6.387060,439.074575,410.680213,432.630262,1.747356,1.879167,13.969
603,-4.074856,439.074575,410.680213,432.630262,1.688265,1.612848,14.785
604,-2.074583,439.074575,410.680213,432.630262,1.224899,1.117889,12.157
605,-4.574631,439.074575,410.680213,432.630262,1.836687,1.163414,13.407
606,-2.190055,439.074575,410.680213,432.630262,1.833653,0.834302,12.859
607,-1.353508,439.074575,410.680213,432.630262,2.034648,0.440728,14.581
608,-3.360112,439.074575,410.680213,432.630262,1.818898,2.915220,13.959
609,-5.153790,439.074575,410.680213,432.630262,1.721619,2.355505,13.540
610,-5.702074,439.074575,410.680213,432.630262,1.884614,3.816534,14.559
611,-3.257214,439.074575,410.680213,432.630262,1.761162,1.900141,11.398
612,-1.860587,439.074575,410.680213,432.630262,1.743287,1.019322,11.808
613,-3.241259,439.074575,410.680213,432.630262,1.374684,1.965972,12.539
614,-1.730978,439.074575,410.680213,432.630262,1.460741,0.669728,11.932
615,-1.826737,439.074575,410.680213,432.630262,1.783288,1.033090,14.838
616,-2.230285,439.074575,410.680213,432.630262,1.806733,1.231548,12.724
617,-3.969420,439.074575,410.680213,432.630262,1.204510,1.449877,12.440
618,-3.888198,439.074575,410.680213,432.630262,1.451421,1.089079,14.290
619,-4.749695,439.074575,410.680213,432.630262,1.997032,1.354708,13.416
620,-3.845392,423.232825,410.680213,435.725262,1.337641,2.147130,27.890
621,-4.639435,423.232825,410.680213,435.725262,1.445001,0.856810,14.031
622,-3.212366,423.232825,410.680213,435.725262,1.506865,1.447631,12.927
623,-2.230403,423.232825,410.680213,435.725262,1.371623,0.977559,13.389
624,-4.202386,423.232825,410.680213,435.725262,1.523490,5.286082,13.577
625,-4.415843,423.232825,410.680213,435.725262,1.904812,1.610373,13.966
626,-2.225025,423.232825,410.680213,435.725262,1.570356,0.553750,12.889
627,-2.508795,423.232825,410.680213,435.725262,1.580096,4.967302,12.709
628,-4.725230,423.232825,410.680213,435.725262,1.469523,2.176846,13.346
629,-4.027070,423.232825,410.680213,435.725262,1.407891,1.324048,12.546
630,-1.869510,423.232825,410.680213,435.725262,1.986341,0.872197,14.435
631,-2.571606,423.232825,410.680213,435.725262,1.774358,1.305766,12.656
632,-3.497853,423.232825,410.680213,435.725262,1.523505,3.458041,12.543
633,-4.291094,423.232825,410.680213,435.725262,1.751391,1.211453,12.172
634,-2.107383,423.232825,410.680213,435.725262,2.063229,2.717399,15.607
635,-4.221196,423.232825,410.680213,435.725262,1.543587,1.202041,14.199
636,-3.312784,423.232825,410.680213,435.725262,1.623869,2.099022,11.014
637,-2.936783,423.232825,410.680213,435.725262,1.632819,1.878449,13.891
638,-4.364438,423.232825,410.680213,435.725262,1.759697,7.752923,12.266
639,-2.636353,423.232825,410.680213,435.725262,1.824122,1.834641,13.847
640,-3.799693,436.072075,410.680213,430.895262,1.810856,1.187732,30.177
641,-1.821382,436.072075,410.680213,430.895262,1.657661,0.439121,13.777
642,-3.303651,436.072075,410.680213,430.895262,1.650533,1.475322,13.486
643,-3.909336,436.072075,410.680213,430.895262,1.775728,1.914109,13.881
644,-4.594432,436.072075,410.680213,430.895262,1.542396,1.294409,14.020
645,-1.843929,436.072075,410.680213,430.895262,1.796848,1.107057,13.200
646,-2.919994,436.072075,410.680213,430.895262,1.673445,0.671913,14.181
647,-4.248988,436.072075,410.680213,430.895262,1.673998,2.782892,13.467
648,-3.395595,436.072075,410.680213,430.895262,1.482308,0.518818,13.033
649,-2.166482,436.072075,410.680213,430.895262,1.809308,0.749571,13.872
650,-2.938497,436.072075,410.680213,430.895262,1.888261,1.362664,13.990
651,-4.829886,436.072075,410.680213,430.895262,1.749863,2.313153,11.844
652,-5.948409,436.072075,410.680213,430.895262,1.523519,1.247375,13.944
653,-3.527042,436.072075,410.680213,430.895262,1.679740,0.869524,13.007
654,-2.069059,436.072075,410.680213,430.895262,1.723682,0.354706,13.932
655,-2.205390,436.072075,410.680213,430.895262,1.761546,0.503148,13.678
656,-1.506159,436.072075,410.680213,430.895262,1.505039,0.859620,10.858
657,-3.028417,436.072075,410.680213,430.895262,1.399430,1.133482,12.969
658,-3.639491,436.072075,410.680213,430.895262,1.834003,1.846395,13.294
659,-3.915428,436.072075,410.680213,430.895262,1.446739,2.256838,14.006
660,-2.361760,430.490125,410.680213,429.847762,1.348674,2.044107,27.966
661,-3.961658,430.490125,410.680213,429.847762,1.856730,1.280077,14.946
662,-2.072108,430.490125,410.680213,429.847762,1.704002,1.479530,14.044
663,-1.740018,430.490125,410.680213,429.847762,1.648035,0.730255,14.786
664,-2.325463,430.490125,410.680213,429.847762,1.700221,1.008772,14.348
665,-4.155694,430.490125,410.680213,429.847762,1.714305,1.724423,12.045
666,-5.088434,430.490125,410.680213,429.847762,1.592319,2.971413,14.727
667,-3.196275,430.490125,410.680213,429.847762,1.757384,2.045693,14.688
668,-3.248922,430.490125,410.680213,429.847762,1.551664,1.485138,12.331
669,-5.480360,430.490125,410.680213,429.847762,1.653881,2.133467,13.826
670,-4.754519,430.490125,410.680213,429.847762,1.788829,2.054055,15.178
671,-3.729339,430.490125,410.680213,429.847762,1.416384,0.925359,11.813
672,-2.417619,430.490125,410.680213,429.847762,1.706526,1.258527,13.382
673,-2.589488,430.490125,410.680213,429.847762,1.492716,1.596783,15.124
674,-3.131344,430.490125,410.680213,429.847762,1.221807,0.834352,12.709
675,-2.521391,430.490125,410.680213,429.847762,1.960174,2.308662,11.324
676,-4.372961,430.490125,410.680213,429.847762,1.909833,1.741517,13.706
677,-4.750245,430.490125,410.680213,429.847762,1.629769,1.734775,15.342
678,-2.581122,430.490125,410.680213,429.847762,1.398178,1.410542,14.732
679,-2.913947,430.490125,410.680213,429.847762,1.715373,0.918029,14.806
680,-2.976427,439.200013,410.680213,435.582762,1.319328,1.608429,32.444
681,-1.511763,439.200013,410.680213,435.582762,1.483598,1.974799,13.328
682,-5.910344,439.200013,410.680213,435.582762,1.599862,1.871670,14.586
683,-4.305090,439.200013,410.680213,435.582762,1.427290,1.282998,14.346
684,-1.597756,439.200013,410.680213,435.582762,1.992297,0.965787,13.666
685,-3.237527,439.200013,410.680213,435.582762,1.582160,1.000373,14.660
686,-2.771900,439.200013,410.680213,435.582762,1.514479,0.928759,13.833
687,-4.019976,439.200013,410.680213,435.582762,1.329051,1.676134,13.251
688,-4.420742,439.200013,410.680213,435.582762,1.415728,1.702788,12.719
689,-1.247157,439.200013,410.680213,435.582762,1.490003,0.469473,13.792
690,-3.912325,439.200013,410.680213,435.582762,1.783526,1.941708,12.125
691,-2.044188,439.200013,410.680213,435.582762,1.631417,1.117232,12.023
692,-3.816695,439.200013,410.680213,435.582762,1.890108,2.862831,12.768
693,-3.607108,439.200013,410.680213,435.582762,1.854299,2.561398,13.808
694,-2.858133,439.200013,410.680213,435.582762,2.106332,0.863075,14.862
695,-3.592262,439.200013,410.680213,435.582762,1.810873,2.365344,11.037
696,-4.205628,439.200013,410.680213,435.582762,1.497780,1.136774,11.790
697,-1.149113,439.200013,410.680213,435.582762,1.619391,0.344543,15.251
698,-3.034478,439.200013,410.680213,435.582762,1.791707,0.999847,14.355
699,-2.300168,439.200013,410.680213,435.582762,2.350642,0.646848,13.998
700,-2.509963,431.326975,410.680213,430.153388,1.868048,1.740971,30.922
701,-5.801012,431.326975,410.680213,430.153388,1.933535,1.940880,13.432
702,-2.832653,431.326975,410.680213,430.153388,1.725161,1.109757,12.970
703,-3.517770,431.326975,410.680213,430.153388,1.281787,1.654426,14.414
704,-2.708093,431.326975,410.680213,430.153388,1.923906,1.518058,16.663
705,-3.429667,431.326975,410.680213,430.153388,1.723718,1.880533,12.877
706,-3.661518,431.326975,410.680213,430.153388,1.276539,2.208010,12.644
707,-2.897419,431.326975,410.680213,430.153388,1.315598,1.321803,13.213
708,-2.809185,431.326975,410.680213,430.153388,1.752680,2.120525,14.578
709,-5.079336,431.326975,410.680213,430.153388,1.521469,1.590454,13.279
710,-2.429080,431.326975,410.680213,430.153388,1.709694,0.819773,12.864
711,-1.927646,431.326975,410.680213,430.153388,1.279811,0.895010,11.397
712,-1.485428,431.326975,410.680213,430.153388,1.652301,0.485104,14.342
713,-1.502917,431.326975,410.680213,430.153388,1.659423,0.276157,14.786
714,-2.389137,431.326975,410.680213,430.153388,1.774181,0.608029,11.679
715,-3.072665,431.326975,410.680213,430.153388,1.465413,0.910240,10.971
716,-2.782456,431.326975,410.680213,430.153388,1.698686,1.387967,12.683
717,-2.996626,431.326975,410.680213,430.153388,1.750206,1.943271,13.160
718,-3.222502,431.326975,410.680213,430.153388,1.479202,1.170888,13.167
719,-1.870422,431.326975,410.680213,430.153388,1.876292,0.905027,16.382
720,-2.748449,420.642900,410.680213,437.850262,1.555311,1.226990,275.331
721,-3.001834,420.642900,410.680213,437.850262,1.850715,1.252526,24.364
722,-3.187871,420.642900,410.680213,437.850262,1.628760,2.250813,18.147
723,-4.135828,420.642900,410.680213,437.850262,1.223189,1.066451,19.334
724,-1.969146,420.642900,410.680213,437.850262,1.568248,2.154258,24.212
725,-11.289203,420.642900,410.680213,437.850262,1.765610,23.700120,19.700
726,-3.910859,420.642900,410.680213,437.850262,1.928333,2.439741,16.013
727,-3.641569,420.642900,410.680213,437.850262,1.860900,2.780841,17.052
728,-0.474235,420.642900,410.680213,437.850262,1.555473,0.742017,13.940
729,-1.631091,420.642900,410.680213,437.850262,1.572941,1.422437,17.784
730,-4.209450,420.642900,410.680213,437.850262,1.624684,2.445367,24.254
731,-5.774292,420.642900,410.680213,437.850262,1.590137,16.521877,17.067
732,-4.469185,420.642900,410.680213,437.850262,1.537647,3.129135,16.147
733,-7.322428,420.642900,410.680213,437.850262,1.834884,2.268865,14.585
734,-3.419386,420.642900,410.680213,437.850262,1.658614,2.897279,14.703
735,-4.199713,420.642900,410.680213,437.850262,1.604584,2.411082,21.261
736,-4.039695,420.642900,410.680213,437.850262,1.737491,2.557253,19.206
737,-2.127911,420.642900,410.680213,437.850262,1.596760,1.327619,20.441
738,-3.868972,420.642900,410.680213,437.850262,1.158464,1.690221,13.478
739,-3.696093,420.642900,410.680213,437.850262,1.686879,1.161674,14.584
740,-2.695163,428.852475,410.680213,437.460262,1.445377,2.068047,308.566
741,-3.502742,428.852475,410.680213,437.460262,1.812030,1.518731,23.024
742,-2.929532,428.852475,410.680213,437.460262,1.790937,1.161973,15.129
743,-3.450739,428.852475,410.680213,437.460262,1.957113,1.768822,24.439
744,-2.873817,428.852475,410.680213,437.460262,1.998204,1.847422,19.237
745,-2.900003,428.852475,410.680213,437.460262,1.737830,1.371536,20.328
746,-2.884408,428.852475,410.680213,437.460262,1.933278,1.214052,27.490
747,-3.076805,428.852475,410.680213,437.460262,1.643589,1.005954,20.275
748,-2.916514,428.852475,410.680213,437.460262,1.540349,2.169169,15.166
749,-3.566412,428.852475,410.680213,437.460262,1.553710,1.284562,20.029
750,-3.967932,428.852475,410.680213,437.460262,2.022922,1.485429,17.591
751,-2.100277,428.852475,410.680213,437.460262,1.668503,1.203458,17.502
752,-2.565550,428.852475,410.680213,437.460262,1.807482,0.994480,20.527
753,-4.221395,428.852475,410.680213,437.460262,1.893751,1.183638,14.159
754,-3.301214,428.852475,410.680213,437.460262,1.561292,2.055031,14.122
755,-4.716071,428.852475,410.680213,437.460262,1.888483,1.168314,26.147
756,-3.527849,428.852475,410.680213,437.460262,1.696299,1.504367,17.034
757,-4.082815,428.852475,410.680213,437.460262,1.895988,1.738050,13.216
758,-2.987244,428.852475,410.680213,437.460262,1.920927,1.891078,23.516
759,-4.028652,428.852475,410.680213,437.460262,2.006667,1.781086,19.269
760,-4.271883,435.538775,410.680213,429.927762,1.617487,2.165758,278.442
761,-3.273656,435.538775,410.680213,429.927762,1.760643,1.022140,29.097
762,-2.572294,435.538775,410.680213,429.927762,1.672436,2.017408,14.923
763,-2.292067,435.538775,410.680213,429.927762,1.481557,1.639998,19.262
764,-2.971989,435.538775,410.680213,429.927762,1.577192,3.140536,18.621
765,-4.468605,435.538775,410.680213,429.927762,1.720631,2.147447,20.550
766,-4.068817,435.538775,410.680213,429.927762,1.888651,2.746550,16.021
767,-3.966491,435.538775,410.680213,429.927762,1.575656,1.287844,17.782
768,-3.712122,435.538775,410.680213,429.927762,1.787365,1.859825,20.500
769,-3.655718,435.538775,410.680213,429.927762,1.436884,1.195447,14.786
770,-2.454166,435.538775,410.680213,429.927762,1.767555,1.331925,23.533
771,-2.876142,435.538775,410.680213,429.927762,1.667703,1.233241,21.549
772,-2.424823,435.538775,410.680213,429.927762,1.547454,1.460863,16.766
773,-5.460242,435.538775,410.680213,429.927762,1.185428,1.684565,21.298
774,-3.083044,435.538775,410.680213,429.927762,1.638217,1.455290,20.087
775,-2.519285,435.538775,410.680213,429.927762,1.464372,1.779393,15.549
776,-3.618240,435.538775,410.680213,429.927762,1.255514,1.055594,18.830
777,-2.625207,435.538775,410.680213,429.927762,2.097730,0.688671,19.745
778,-2.544001,435.538775,410.680213,429.927762,1.644730,0.947370,17.286
779,-2.068504,435.538775,410.680213,429.927762,1.655274,0.653821,17.205
780,-3.599516,432.329200,410.680213,438.078387,1.751819,1.617622,295.816
781,-2.727518,432.329200,410.680213,438.078387,1.646476,1.331544,15.493
782,-2.960086,432.329200,410.680213,438.078387,1.666020,0.966194,24.172
783,-2.925388,432.329200,410.680213,438.078387,1.666219,1.503300,19.327
784,-2.368547,432.329200,410.680213,438.078387,1.935527,0.635969,18.263
785,-2.049632,432.329200,410.680213,438.078387,1.732835,1.746783,17.644
786,-3.983892,432.329200,410.680213,438.078387,1.553234,0.964238,19.086
787,-3.198759,432.329200,410.680213,438.078387,1.800985,1.780730,19.356
788,-5.666531,432.329200,410.680213,438.078387,1.586018,2.281910,19.168
789,-3.076059,432.329200,410.680213,438.078387,1.953042,1.369536,15.135
790,-3.894824,432.329200,410.680213,438.078387,1.671862,1.272605,17.943
791,-2.137302,432.329200,410.680213,438.078387,1.748579,1.108947,20.801
792,-1.191531,432.329200,410.680213,438.078387,1.690465,0.907447,21.672
793,-4.378903,432.329200,410.680213,438.078387,1.413503,1.794734,19.573
794,-2.950225,432.329200,410.680213,438.078387,1.394278,0.717010,14.208
795,-4.157914,432.329200,410.680213,438.078387,1.235946,1.439879,24.043
796,-2.962477,432.329200,410.680213,438.078387,1.345107,1.590455,14.139
797,-2.079648,432.329200,410.680213,438.078387,1.608194,0.648332,23.300
798,-1.795334,432.329200,410.680213,438.078387,1.405385,0.529974,18.851
799,-2.907905,432.329200,410.680213,438.078387,1.452947,1.321114,20.206
800,-5.308431,427.353638,410.680213,435.430106,1.476071,2.002016,335.688
801,-1.744388,427.353638,410.680213,435.430106,1.974409,1.630540,21.596
802,-3.414320,427.353638,410.680213,435.430106,1.551999,2.285367,19.975
803,-4.739506,427.353638,410.680213,435.430106,1.661720,2.717098,19.906
804,-4.302634,427.353638,410.680213,435.430106,2.069674,2.652768,20.761
805,-2.825389,427.353638,410.680213,435.430106,1.680884,2.670460,19.090
806,-2.200930,427.353638,410.680213,435.430106,1.431460,3.496070,18.615
807,-4.581677,427.353638,410.680213,435.430106,1.579724,1.941431,16.348
808,-2.295482,427.353638,410.680213,435.430106,2.105470,1.566028,15.855
809,-3.696897,427.353638,410.680213,435.430106,2.040469,2.306375,25.403
810,-2.939544,427.353638,410.680213,435.430106,1.570970,1.323175,17.030
811,-3.713232,427.353638,410.680213,435.430106,1.640708,2.226151,21.706
812,-3.678590,427.353638,410.680213,435.430106,1.564182,0.938762,15.648
813,-4.322172,427.353638,410.680213,435.430106,1.911945,3.851772,19.620
814,-4.521885,427.353638,410.680213,435.430106,1.559579,3.191764,16.017
815,-4.999459,427.353638,410.680213,435.430106,1.467023,1.895965,19.557
816,-2.078919,427.353638,410.680213,435.430106,1.939636,1.613123,19.506
817,-2.185693,427.353638,410.680213,435.430106,2.163600,0.951418,31.264
818,-2.745122,427.353638,410.680213,435.430106,2.063193,0.668527,26.962
819,-1.771572,427.353638,410.680213,435.430106,1.798970,1.431904,10.526
820,-3.460665,465.443913,410.680213,489.842556,1.595035,1.019585,250.991
821,-1.330595,465.443913,410.680213,489.842556,1.819347,1.129899,21.445
822,-4.621589,465.443913,410.680213,489.842556,1.841499,1.921695,23.779
823,-2.771264,465.443913,410.680213,489.842556,1.560079,1.253008,25.942
824,-4.472078,465.443913,410.680213,489.842556,1.932764,2.398509,21.800
825,-3.071741,465.443913,410.680213,489.842556,1.697983,1.837008,19.843
826,-4.570650,465.443913,410.680213,489.842556,1.530989,1.352974,20.273
827,-2.055471,465.443913,410.680213,489.842556,2.096299,1.573099,18.094
828,-4.568581,465.443913,410.680213,489.842556,1.545080,2.050059,13.075
829,-4.332613,465.443913,410.680213,489.842556,1.428803,1.822747,14.166
830,-2.689989,465.443913,410.680213,489.842556,1.429149,1.441365,19.746
831,-4.919607,465.443913,410.680213,489.842556,1.404644,2.001523,20.334
832,-1.457446,465.443913,410.680213,489.842556,1.648972,1.764087,19.820
833,-4.320531,465.443913,410.680213,489.842556,1.784968,2.639989,20.612
834,-2.835428,465.443913,410.680213,489.842556,1.521690,1.680293,18.125
835,-2.153185,465.443913,410.680213,489.842556,1.670820,1.153775,16.901
836,-1.710552,465.443913,410.680213,489.842556,1.711427,1.015595,19.978
837,-3.003869,465.443913,410.680213,489.842556,1.413986,1.390535,13.408
838,-4.242381,465.443913,410.680213,489.842556,1.739653,1.670781,18.451
839,-2.192221,465.443913,410.680213,489.842556,1.391913,0.815017,15.123
840,-1.941398,495.664575,410.680213,527.945881,1.655319,1.371906,279.822
841,-3.465965,495.664575,410.680213,527.945881,1.679006,1.354932,16.229
842,-4.241213,495.664575,410.680213,527.945881,1.587971,1.646154,23.686
843,-3.010171,495.664575,410.680213,527.945881,1.429519,1.313559,20.593
844,-2.742926,495.664575,410.680213,527.945881,1.745901,2.876490,18.957
845,-3.427735,495.664575,410.680213,527.945881,1.472621,1.329729,18.966
846,-2.638588,495.664575,410.680213,527.945881,1.448551,1.224899,19.189
847,-2.143801,495.664575,410.680213,527.945881,2.001116,1.220285,29.238
848,-2.525505,495.664575,410.680213,527.945881,1.586811,1.270954,21.700
849,-2.562981,495.664575,410.680213,527.945881,1.767090,1.248334,21.069
850,-4.380855,495.664575,410.680213,527.945881,1.854022,4.655422,22.584
851,-7.060172,495.664575,410.680213,527.945881,1.793298,2.572358,20.768
852,-2.863845,495.664575,410.680213,527.945881,1.697219,2.603651,16.622
853,-3.436148,495.664575,410.680213,527.945881,1.609826,1.266976,20.493
854,-3.399357,495.664575,410.680213,527.945881,1.559561,1.907165,16.657
855,-3.244814,495.664575,410.680213,527.945881,1.135011,1.445934,8.128
856,-3.589251,495.664575,410.680213,527.945881,1.437543,1.609760,24.700
857,-2.543150,495.664575,410.680213,527.945881,1.680107,3.774413,17.881
858,-2.760691,495.664575,410.680213,527.945881,1.873070,0.909507,23.209
859,-3.254473,495.664575,410.680213,527.945881,2.232557,0.821760,21.252
860,-2.189196,501.917263,410.680213,566.690494,1.792402,0.750130,261.907
861,-1.878748,501.917263,410.680213,566.690494,1.646111,1.303932,16.993
862,-2.360424,501.917263,410.680213,566.690494,1.550191,1.251777,15.949
863,-4.308820,501.917263,410.680213,566.690494,1.712283,2.276003,25.846
864,-3.433150,501.917263,410.680213,566.690494,2.093147,1.389919,20.686
865,-2.025573,501.917263,410.680213,566.690494,1.854799,0.677879,12.365
866,-2.452927,501.917263,410.680213,566.690494,1.765561,0.952083,18.804
867,-6.499208,501.917263,410.680213,566.690494,1.627709,1.630191,20.691
868,-2.424035,501.917263,410.680213,566.690494,1.656019,0.770428,20.045
869,-4.522920,501.917263,410.680213,566.690494,1.292349,2.458107,20.364
870,-1.938438,501.917263,410.680213,566.690494,1.495376,0.888494,20.326
871,-2.863212,501.917263,410.680213,566.690494,1.431619,1.355277,19.521
872,-3.630731,501.917263,410.680213,566.690494,1.412653,0.954249,21.432
873,-1.404150,501.917263,410.680213,566.690494,1.434157,1.467767,21.043
874,-2.709217,501.917263,410.680213,566.690494,1.555329,1.123696,27.105
875,-3.406707,501.917263,410.680213,566.690494,1.651748,1.059687,21.406
876,-1.877961,501.917263,410.680213,566.690494,1.506086,1.623418,21.537
877,-5.248031,501.917263,410.680213,566.690494,1.547367,1.529428,18.708
878,-1.361387,501.917263,410.680213,566.690494,1.679717,1.583489,14.058
879,-2.992878,501.917263,410.680213,566.690494,1.658395,0.918078,17.159
880,-4.308130,488.677225,410.680213,553.184544,1.854762,4.719086,302.817
881,-7.668591,488.677225,410.680213,553.184544,1.371707,10.025940,20.976
882,-4.006802,488.677225,410.680213,553.184544,1.538230,1.521311,19.600
883,-4.225940,488.677225,410.680213,553.184544,1.657460,0.781652,22.084
884,-4.215220,488.677225,410.680213,553.184544,1.540843,2.087110,15.185
885,-4.107711,488.677225,410.680213,553.184544,1.593527,1.644909,16.215
886,-5.616717,488.677225,410.680213,553.184544,1.805973,2.444133,19.087
887,-2.970148,488.677225,410.680213,553.184544,2.094497,1.582216,22.680
888,-2.008640,488.677225,410.680213,553.184544,1.897895,1.268967,17.832
889,-2.825440,488.677225,410.680213,553.184544,1.658521,8.600478,16.428
890,-4.386888,488.677225,410.680213,553.184544,1.392197,1.883487,20.123
891,-2.193644,488.677225,410.680213,553.184544,1.482285,1.417044,21.210
892,-1.529181,488.677225,410.680213,553.184544,1.772198,0.539163,18.273
893,-2.567925,488.677225,410.680213,553.184544,1.628575,2.990072,24.096
894,-3.218979,488.677225,410.680213,553.184544,1.723387,2.270760,18.928
895,-4.496106,488.677225,410.680213,553.184544,1.482591,2.223587,9.709
896,-3.484020,488.677225,410.680213,553.184544,1.648827,1.418312,18.420
897,-3.234242,488.677225,410.680213,553.184544,1.587673,1.247592,18.551
898,-2.654460,488.677225,410.680213,553.184544,1.581303,0.859165,23.362
899,-2.803279,488.677225,410.680213,553.184544,1.492427,1.217432,18.481
900,-3.145536,501.932813,410.680213,557.752125,1.516008,1.034666,281.601
901,-1.199926,501.932813,410.680213,557.752125,1.811555,0.879556,28.726
902,-5.925429,501.932813,410.680213,557.752125,1.791256,8.580294,14.806
903,-3.474000,501.932813,410.680213,557.752125,1.616804,1.870511,23.854
904,-3.880558,501.932813,410.680213,557.752125,1.875052,1.458107,20.111
905,-5.226769,501.932813,410.680213,557.752125,1.567656,2.078428,17.612
906,-2.043429,501.932813,410.680213,557.752125,1.595220,0.945209,23.723
907,-3.747073,501.932813,410.680213,557.752125,1.481001,1.264928,17.914
908,-4.198967,501.932813,410.680213,557.752125,1.554437,1.467315,20.457
909,-2.730674,501.932813,410.680213,557.752125,1.649110,0.935852,20.282
910,-3.006155,501.932813,410.680213,557.752125,1.900961,0.612213,24.090
911,-3.133068,501.932813,410.680213,557.752125,2.007178,1.047983,24.857
912,-3.212175,501.932813,410.680213,557.752125,1.445948,1.460546,19.882
913,-2.208022,501.932813,410.680213,557.752125,1.530811,0.806315,14.012
914,-2.185353,501.932813,410.680213,557.752125,1.406687,0.560802,21.408
915,-3.511575,501.932813,410.680213,557.752125,1.651771,2.363107,15.191
916,-3.748265,501.932813,410.680213,557.752125,1.833343,2.897668,24.691
917,-4.632900,501.932813,410.680213,557.752125,1.491465,1.795594,15.822
918,-3.011367,501.932813,410.680213,557.752125,1.350318,2.693879,16.104
919,-1.304789,501.932813,410.680213,557.752125,1.229889,0.816211,14.439
920,-1.789316,499.253788,410.680213,578.491344,1.556902,0.576857,232.427
921,-2.450642,499.253788,410.680213,578.491344,1.364696,1.948245,16.366
922,-4.537526,499.253788,410.680213,578.491344,2.020920,1.612316,20.153
923,-3.829780,499.253788,410.680213,578.491344,1.579667,1.517138,12.318
924,-2.720219,499.253788,410.680213,578.491344,1.654949,2.185212,17.013
925,-3.958019,499.253788,410.680213,578.491344,1.629736,1.351917,19.624
926,-4.323531,499.253788,410.680213,578.491344,1.565396,2.138171,19.615
927,-3.114460,499.253788,410.680213,578.491344,1.931808,1.495208,24.729
928,-3.496308,499.253788,410.680213,578.491344,1.546372,1.456741,15.361
929,-2.130106,499.253788,410.680213,578.491344,1.219200,1.116593,20.991
930,-2.906144,499.253788,410.680213,578.491344,1.300769,1.506919,17.088
931,-1.407594,499.253788,410.680213,578.491344,1.661561,1.524046,19.904
932,-3.839511,499.253788,410.680213,578.491344,1.659636,2.543687,16.044
933,-2.581996,499.253788,410.680213,578.491344,1.700870,0.749049,27.619
934,-4.163967,499.253788,410.680213,578.491344,1.976752,1.779902,17.946
935,-4.559829,499.253788,410.680213,578.491344,1.580420,0.971327,23.893
936,-1.187734,499.253788,410.680213,578.491344,1.790122,0.527656,24.938
937,-3.067045,499.253788,410.680213,578.491344,1.986350,2.132320,21.262
938,-4.006905,499.253788,410.680213,578.491344,2.115824,1.128830,18.438
939,-1.630426,499.253788,410.680213,578.491344,1.516750,0.268230,23.754
940,-1.421348,504.781613,410.680213,575.273844,1.656849,1.095926,315.528
941,-5.910339,504.781613,410.680213,575.273844,1.490904,3.365330,20.821
942,-4.473810,504.781613,410.680213,575.273844,2.004817,0.954585,21.566
943,-4.186679,504.781613,410.680213,575.273844,1.789354,1.306445,24.473
944,-3.230240,504.781613,410.680213,575.273844,1.321420,1.337147,23.017
945,-3.303105,504.781613,410.680213,575.273844,1.413798,1.079290,23.954
946,-1.859345,504.781613,410.680213,575.273844,1.687311,1.514634,25.921
947,-4.265899,504.781613,410.680213,575.273844,1.414982,2.025898,23.085
948,-2.881928,504.781613,410.680213,575.273844,1.604053,0.802519,12.185
949,-1.409562,504.781613,410.680213,575.273844,1.401719,1.171852,25.024
950,-3.090661,504.781613,410.680213,575.273844,1.979950,1.034514,22.993
951,-2.645595,504.781613,410.680213,575.273844,1.708516,1.019945,22.309
952,-1.949923,504.781613,410.680213,575.273844,1.585709,0.419797,22.110
953,-1.598686,504.781613,410.680213,575.273844,1.435721,0.567109,16.503
954,-4.706194,504.781613,410.680213,575.273844,1.685556,1.509883,23.771
955,-2.746143,504.781613,410.680213,575.273844,1.864373,0.823878,18.896
956,-3.761794,504.781613,410.680213,575.273844,1.655454,1.435680,20.209
957,-3.632127,504.781613,410.680213,575.273844,2.159720,1.078945,18.960
958,-2.461466,504.781613,410.680213,575.273844,1.949342,1.332573,18.925
959,-4.917614,504.781613,410.680213,575.273844,1.790873,1.938008,25.625
960,-4.262951,488.558688,410.680213,560.520225,1.799189,1.774804,295.369
961,-6.152675,488.558688,410.680213,560.520225,1.738558,2.254134,23.691
962,-3.623101,488.558688,410.680213,560.520225,1.420027,1.820127,22.041
963,-3.600752,488.558688,410.680213,560.520225,1.731558,2.732772,18.970
964,-1.938816,488.558688,410.680213,560.520225,1.651752,1.278004,17.547
965,-4.071650,488.558688,410.680213,560.520225,1.565002,1.262352,18.001
966,-4.526187,488.558688,410.680213,560.520225,1.582340,2.387494,18.571
967,-2.770036,488.558688,410.680213,560.520225,1.468649,0.870445,12.871
968,-2.764953,488.558688,410.680213,560.520225,1.520212,1.077085,18.719
969,-3.362401,488.558688,410.680213,560.520225,1.927766,1.601843,21.574
970,-1.960144,488.558688,410.680213,560.520225,1.559972,3.190835,19.804
971,-4.726325,488.558688,410.680213,560.520225,2.026310,1.656819,14.934
972,-3.137435,488.558688,410.680213,560.520225,1.997603,1.014322,17.669
973,-0.995634,488.558688,410.680213,560.520225,1.529896,0.691167,19.214
974,-1.425929,488.558688,410.680213,560.520225,1.854806,1.116385,19.723
975,-2.935210,488.558688,410.680213,560.520225,1.568045,1.337912,23.765
976,-4.548819,488.558688,410.680213,560.520225,1.528214,0.940489,20.981
977,-0.992392,488.558688,410.680213,560.520225,1.288391,0.629672,16.736
978,-3.118632,488.558688,410.680213,560.520225,1.514552,1.312974,15.950
979,-2.727124,488.558688,410.680213,560.520225,1.816290,1.150559,18.140
980,-1.841509,449.478900,410.680213,496.470944,1.518544,0.955267,331.750
981,-4.440651,449.478900,410.680213,496.470944,1.409695,2.432236,20.331
982,-4.200383,449.478900,410.680213,496.470944,1.627896,1.827629,22.367
983,-2.069850,449.478900,410.680213,496.470944,1.756356,1.570501,22.214
984,-4.103326,449.478900,410.680213,496.470944,1.689410,1.592125,17.229
985,-2.888705,449.478900,410.680213,496.470944,1.539789,1.013824,20.584
986,-2.271151,449.478900,410.680213,496.470944,1.433219,2.130691,15.586
987,-3.723742,449.478900,410.680213,496.470944,1.655449,1.521926,15.302
988,-2.670303,449.478900,410.680213,496.470944,1.679282,1.134250,18.318
989,-4.723492,449.478900,410.680213,496.470944,1.508016,1.574453,23.939
990,-5.175427,449.478900,410.680213,496.470944,1.481978,1.706927,22.637
991,-3.775162,449.478900,410.680213,496.470944,1.748694,1.561547,23.529
992,-3.516983,449.478900,410.680213,496.470944,1.577972,2.358083,22.657
993,-5.933243,449.478900,410.680213,496.470944,1.033246,2.741273,19.777
994,-3.647638,449.478900,410.680213,496.470944,1.516260,1.208982,23.613
995,-4.149277,449.478900,410.680213,496.470944,1.247017,1.855075,18.154
996,-3.071719,449.478900,410.680213,496.470944,1.447293,0.715844,19.655
997,-1.593172,449.478900,410.680213,496.470944,1.736415,0.908887,20.878
998,-4.656172,449.478900,410.680213,496.470944,1.735760,0.956454,17.990
999,-1.925435,449.478900,410.680213,496.470944,1.714368,1.306550,16.689
1000,-1.910593,480.050700,410.680213,535.628194,2.022086,1.983817,216.510
1001,-5.642006,480.050700,410.680213,535.628194,1.586919,2.403008,19.491
1002,-3.534280,480.050700,410.680213,535.628194,1.706467,1.659115,14.537
1003,-4.036433,480.050700,410.680213,535.628194,1.515317,1.506246,14.814
1004,-3.574492,480.050700,410.680213,535.628194,1.431994,1.858734,25.011
1005,-1.987154,480.050700,410.680213,535.628194,1.497014,0.659009,21.226
1006,-3.138039,480.050700,410.680213,535.628194,1.408874,1.148090,17.160
1007,-3.104227,480.050700,410.680213,535.628194,1.528946,1.313404,16.244
1008,-3.966650,480.050700,410.680213,535.628194,1.322551,1.096345,20.333
1009,-2.567294,480.050700,410.680213,535.628194,1.280240,0.995346,18.554
1010,-3.127794,480.050700,410.680213,535.628194,1.484322,0.999336,21.599
1011,-3.846723,480.050700,410.680213,535.628194,1.453326,0.972024,14.407
1012,-3.077593,480.050700,410.680213,535.628194,1.238677,1.767356,14.352
1013,-2.862929,480.050700,410.680213,535.628194,1.698606,1.064475,24.241
1014,-2.598976,480.050700,410.680213,535.628194,1.745691,0.957339,21.173
1015,-2.691613,480.050700,410.680213,535.628194,1.773180,1.979237,19.032
1016,-3.466279,480.050700,410.680213,535.628194,1.711073,1.481001,28.112
1017,-4.199627,480.050700,410.680213,535.628194,1.933627,0.864125,16.866
1018,-2.359687,480.050700,410.680213,535.628194,1.999538,1.655508,20.049
1019,-3.267430,480.050700,410.680213,535.628194,1.969246,1.644835,21.983
1020,-3.664661,466.067400,410.680213,475.850144,1.373204,1.925630,339.094
1021,-2.764963,466.067400,410.680213,475.850144,1.774982,1.920746,17.946
1022,-5.670721,466.067400,410.680213,475.850144,1.713223,2.659060,18.164
1023,-3.517318,466.067400,410.680213,475.850144,1.430236,1.205835,17.246
1024,-3.117911,466.067400,410.680213,475.850144,1.748504,2.188934,20.552
1025,-2.527574,466.067400,410.680213,475.850144,1.620337,1.030424,14.844
1026,-2.353071,466.067400,410.680213,475.850144,1.888328,0.924016,17.407
1027,-2.355243,466.067400,410.680213,475.850144,1.502715,1.729449,23.509
1028,-3.515527,466.067400,410.680213,475.850144,1.594293,1.019679,20.755
1029,-2.976296,466.067400,410.680213,475.850144,1.557984,2.104653,19.614
1030,-3.472891,466.067400,410.680213,475.850144,1.617558,0.489155,17.872
1031,-2.072346,466.067400,410.680213,475.850144,1.577706,0.928881,19.666
1032,-1.459560,466.067400,410.680213,475.850144,1.815808,0.598158,17.391
1033,-2.941232,466.067400,410.680213,475.850144,1.398927,2.115797,20.355
1034,-1.387397,466.067400,410.680213,475.850144,2.027606,1.183703,26.272
1035,-2.877578,466.067400,410.680213,475.850144,2.038266,3.277818,22.041
1036,-7.065080,466.067400,410.680213,475.850144,1.535153,2.165076,14.576
1037,-2.892930,466.067400,410.680213,475.850144,2.008068,1.551696,17.644
1038,-4.521520,466.067400,410.680213,475.850144,1.509606,1.553827,13.937
1039,-0.742677,466.067400,410.680213,475.850144,1.714944,0.785174,18.796
1040,-4.184888,439.938375,410.680213,475.231012,1.749205,4.816131,197.632
1041,-4.412666,439.938375,410.680213,475.231012,1.750668,3.124758,28.777
1042,-5.426627,439.938375,410.680213,475.231012,1.870229,2.493968,20.461
1043,-4.911655,439.938375,410.680213,475.231012,1.573994,2.839544,22.214
1044,-2.026175,439.938375,410.680213,475.231012,1.758395,0.717573,18.195
1045,-2.537570,439.938375,410.680213,475.231012,2.123029,1.690807,24.996
1046,-4.227768,439.938375,410.680213,475.231012,1.664562,1.963012,19.252
1047,-4.055927,439.938375,410.680213,475.231012,1.540805,1.131047,17.042
1048,-2.559707,439.938375,410.680213,475.231012,1.608927,1.470098,23.020
1049,-5.590631,439.938375,410.680213,475.231012,1.731311,2.320285,25.286
1050,-3.522746,439.938375,410.680213,475.231012,1.537367,1.313671,15.133
1051,-2.802186,439.938375,410.680213,475.231012,1.971234,1.472495,25.055
1052,-4.023985,439.938375,410.680213,475.231012,1.936051,1.842735,16.065
1053,-4.534400,439.938375,410.680213,475.231012,1.532505,1.526623,16.667
1054,-3.919401,439.938375,410.680213,475.231012,1.852998,2.522771,16.312
1055,-1.959558,439.938375,410.680213,475.231012,1.637976,1.308610,21.239
1056,-3.831130,439.938375,410.680213,475.231012,1.898631,1.613016,15.545
1057,-2.117223,439.938375,410.680213,475.231012,1.765465,1.528887,19.342
1058,-2.425255,439.938375,410.680213,475.231012,1.626520,0.819877,22.153
1059,-3.105785,439.938375,410.680213,475.231012,1.498958,1.680266,19.020
1060,-3.925246,448.333225,410.680213,465.621538,1.715218,0.920476,117.301
1061,-2.971256,448.333225,410.680213,465.621538,1.425356,0.422512,17.740
1062,-1.590893,448.333225,410.680213,465.621538,1.513025,0.491912,15.686
1063,-2.285528,448.333225,410.680213,465.621538,1.598712,1.209128,13.410
1064,-2.710235,448.333225,410.680213,465.621538,1.956189,1.523008,22.753
1065,-3.295041,448.333225,410.680213,465.621538,1.568529,1.333428,19.172
1066,-3.545096,448.333225,410.680213,465.621538,1.726626,1.278336,26.597
1067,-3.359329,448.333225,410.680213,465.621538,1.984524,0.709943,25.777
1068,-3.121186,448.333225,410.680213,465.621538,1.642070,0.924296,20.819
1069,-3.834586,448.333225,410.680213,465.621538,1.960876,1.722665,18.456
1070,-4.646347,448.333225,410.680213,465.621538,1.797582,2.236108,15.810
1071,-2.268405,448.333225,410.680213,465.621538,1.583091,4.525869,16.321
1072,-4.667128,448.333225,410.680213,465.621538,1.626892,1.379970,23.073
1073,-3.497664,448.333225,410.680213,465.621538,1.564908,2.842662,20.638
1074,-2.130646,448.333225,410.680213,465.621538,1.252618,2.362433,26.043
1075,-3.796014,448.333225,410.680213,465.621538,1.858225,1.188125,23.270
1076,-3.568472,448.333225,410.680213,465.621538,1.603272,2.094688,22.613
1077,-4.056882,448.333225,410.680213,465.621538,1.810569,1.129475,17.532
1078,-3.104173,448.333225,410.680213,465.621538,1.928511,1.611060,29.406
1079,-2.798422,448.333225,410.680213,465.621538,1.442088,1.758956,12.779
1080,-3.014283,449.714400,410.680213,457.772450,2.033062,8.615118,225.409
1081,-4.508897,449.714400,410.680213,457.772450,1.874620,0.863586,22.193
1082,-2.022963,449.714400,410.680213,457.772450,2.112002,1.011412,14.355
1083,-3.669570,449.714400,410.680213,457.772450,1.541018,0.712106,13.812
1084,-2.339403,449.714400,410.680213,457.772450,1.725583,0.635579,18.204
1085,-2.355634,449.714400,410.680213,457.772450,1.886809,0.880321,15.898
1086,-1.857120,449.714400,410.680213,457.772450,1.388661,1.344457,25.386
1087,-4.734119,449.714400,410.680213,457.772450,1.809352,1.158783,24.000
1088,-1.448083,449.714400,410.680213,457.772450,1.370690,0.652605,20.669
1089,-1.722932,449.714400,410.680213,457.772450,2.036814,0.931877,23.177
1090,-2.478486,449.714400,410.680213,457.772450,1.784302,1.185032,19.336
1091,-2.351955,449.714400,410.680213,457.772450,1.714759,0.465557,23.009
1092,-1.477594,449.714400,410.680213,457.772450,1.426867,0.664038,23.797
1093,-2.861364,449.714400,410.680213,457.772450,1.466205,0.963983,24.808
1094,-2.520321,449.714400,410.680213,457.772450,1.323896,1.282827,18.093
1095,-4.177206,449.714400,410.680213,457.772450,1.451008,2.098169,13.933
1096,-3.892448,449.714400,410.680213,457.772450,1.760439,1.359956,20.878
1097,-1.122120,449.714400,410.680213,457.772450,1.582265,2.023727,21.607
1098,-3.574116,449.714400,410.680213,457.772450,1.815324,0.980655,19.094
1099,-2.958006,449.714400,410.680213,457.772450,1.264646,2.592474,12.844
1100,-5.768969,445.714575,410.680213,444.744012,1.661739,1.202817,238.071
1101,-3.004982,445.714575,410.680213,444.744012,1.441105,0.869133,27.743
1102,-3.077071,445.714575,410.680213,444.744012,1.608794,1.350560,24.591
1103,-5.343242,445.714575,410.680213,444.744012,1.627050,1.698971,24.170
1104,-2.683281,445.714575,410.680213,444.744012,1.648982,2.247989,23.967
1105,-4.977884,445.714575,410.680213,444.744012,2.036106,2.191583,30.904
1106,-3.551594,445.714575,410.680213,444.744012,2.125282,1.728633,31.251
1107,-2.529281,445.714575,410.680213,444.744012,1.663025,2.066838,23.335
1108,-3.822069,445.714575,410.680213,444.744012,1.597963,1.679985,16.013
1109,-2.759937,445.714575,410.680213,444.744012,1.945373,1.355989,26.108
1110,-1.737301,445.714575,410.680213,444.744012,1.825354,1.342258,17.532
1111,-2.091428,445.714575,410.680213,444.744012,1.681658,0.934282,24.595
1112,-3.150703,445.714575,410.680213,444.744012,1.179461,1.040584,18.217
1113,-1.306963,445.714575,410.680213,444.744012,1.548151,0.882435,16.704
1114,-1.329099,445.714575,410.680213,444.744012,1.837097,0.585856,16.648
1115,-1.986524,445.714575,410.680213,444.744012,1.882911,0.641899,20.531
1116,-2.729486,445.714575,410.680213,444.744012,1.944376,0.571429,19.468
1117,-2.198936,445.714575,410.680213,444.744012,1.593117,1.292404,18.836
1118,-5.180417,445.714575,410.680213,444.744012,1.786383,26.881004,21.329
1119,-7.113331,445.714575,410.680213,444.744012,1.514915,0.610984,17.779
1120,-2.817817,430.858013,410.680213,440.829012,1.673816,0.595281,210.729
1121,-3.319348,430.858013,410.680213,440.829012,1.722445,0.961310,19.423
1122,-2.407877,430.858013,410.680213,440.829012,2.020633,0.594014,17.121
1123,-2.499873,430.858013,410.680213,440.829012,1.884258,1.014228,16.976
1124,-4.049311,430.858013,410.680213,440.829012,1.850960,0.715387,18.812
1125,-2.338774,430.858013,410.680213,440.829012,1.855827,1.342419,16.953
1126,-3.447194,430.858013,410.680213,440.829012,1.598068,1.104083,16.210
1127,-3.565000,430.858013,410.680213,440.829012,1.714489,1.077742,21.243
1128,-1.715057,430.858013,410.680213,440.829012,1.625237,0.765257,21.903
1129,-2.617632,430.858013,410.680213,440.829012,1.255238,0.898174,17.606
1130,-2.923911,430.858013,410.680213,440.829012,1.276747,0.813338,21.358
1131,-1.194935,430.858013,410.680213,440.829012,1.912675,0.559531,19.126
1132,-1.487573,430.858013,410.680213,440.829012,2.041291,1.445735,16.739
1133,-5.354127,430.858013,410.680213,440.829012,1.846359,1.706630,16.090
1134,-3.517394,430.858013,410.680213,440.829012,1.757183,1.099213,22.231
1135,-2.034153,430.858013,410.680213,440.829012,1.570943,0.515115,17.909
1136,-2.501872,430.858013,410.680213,440.829012,1.520619,2.256667,17.578
1137,-3.489692,430.858013,410.680213,440.829012,2.106979,1.168696,25.136
1138,-3.183202,430.858013,410.680213,440.829012,1.791515,1.051552,18.932
1139,-2.375911,430.858013,410.680213,440.829012,1.687620,1.263335,16.303
1140,-1.057845,424.965700,410.680213,442.172287,1.303811,0.976562,151.057
1141,-3.465273,424.965700,410.680213,442.172287,1.430258,2.095700,14.971
1142,-6.281608,424.965700,410.680213,442.172287,1.151060,8.281706,15.863
1143,-4.051951,424.965700,410.680213,442.172287,1.559485,1.787137,19.650
1144,-3.217194,424.965700,410.680213,442.172287,1.436896,2.095869,16.762
1145,-2.974090,424.965700,410.680213,442.172287,1.511891,1.215617,16.979
1146,-4.499330,424.965700,410.680213,442.172287,1.252866,2.101651,18.248
1147,-5.139518,424.965700,410.680213,442.172287,1.718931,2.226504,16.798
1148,-2.771770,424.965700,410.680213,442.172287,1.821399,0.683310,18.456
1149,-0.957272,424.965700,410.680213,442.172287,2.021177,1.340588,23.334
1150,-5.436879,424.965700,410.680213,442.172287,1.843949,1.488725,18.552
1151,-2.546493,424.965700,410.680213,442.172287,1.800428,1.393984,11.353
1152,-4.159171,424.965700,410.680213,442.172287,1.623006,1.754377,15.897
1153,-2.061442,424.965700,410.680213,442.172287,1.427013,0.448193,18.107
1154,-3.027628,424.965700,410.680213,442.172287,1.759776,1.316240,18.871
1155,-2.539792,424.965700,410.680213,442.172287,1.796560,0.457353,20.673
1156,-3.149424,424.965700,410.680213,442.172287,1.934882,2.262348,18.422
1157,-5.315310,424.965700,410.680213,442.172287,1.787048,1.404370,16.880
1158,-2.794175,424.965700,410.680213,442.172287,1.566475,1.042232,15.981
1159,-3.384768,424.965700,410.680213,442.172287,1.563164,2.252746,22.793
1160,-4.288149,437.133013,410.680213,455.211563,1.734928,1.871914,188.998
1161,-3.825958,437.133013,410.680213,455.211563,1.239736,1.738152,14.285
1162,-3.154971,437.133013,410.680213,455.211563,1.527872,1.438926,16.542
1163,-2.773897,437.133013,410.680213,455.211563,1.542785,1.145125,17.218
1164,-5.835775,437.133013,410.680213,455.211563,1.692891,2.046185,17.641
1165,-3.775737,437.133013,410.680213,455.211563,1.557958,1.208643,17.816
1166,-3.839290,437.133013,410.680213,455.211563,1.618255,5.676040,15.550
1167,-7.897999,437.133013,410.680213,455.211563,2.073495,2.823746,20.894
1168,-2.369711,437.133013,410.680213,455.211563,1.762802,1.039289,18.380
1169,-3.111142,437.133013,410.680213,455.211563,1.837214,1.828527,15.944
1170,-2.348760,437.133013,410.680213,455.211563,1.562678,1.380877,19.448
1171,-5.505042,437.133013,410.680213,455.211563,1.517249,1.147765,16.557
1172,-5.327561,437.133013,410.680213,455.211563,1.804550,8.699634,20.982
1173,-2.399315,437.133013,410.680213,455.211563,1.685228,1.543262,19.419
1174,-2.833321,437.133013,410.680213,455.211563,1.512073,0.941577,18.898
1175,-2.488669,437.133013,410.680213,455.211563,1.305021,0.888363,17.531
1176,-3.608765,437.133013,410.680213,455.211563,1.721880,1.739486,23.322
1177,-3.354133,437.133013,410.680213,455.211563,1.802049,1.284643,21.066
1178,-3.397104,437.133013,410.680213,455.211563,1.495866,2.705647,15.967
1179,-3.472217,437.133013,410.680213,455.211563,1.857317,0.594152,21.591
1180,-2.613210,425.878050,410.680213,460.970050,1.973396,1.205584,125.955
1181,-2.729212,425.878050,410.680213,460.970050,2.008226,1.111516,21.232
1182,-4.329230,425.878050,410.680213,460.970050,1.449324,1.480868,11.999
1183,-2.306031,425.878050,410.680213,460.970050,1.430562,1.187699,12.854
1184,-3.537352,425.878050,410.680213,460.970050,1.707848,2.442090,16.355
1185,-4.657460,425.878050,410.680213,460.970050,1.602217,1.769644,21.102
1186,-3.457140,425.878050,410.680213,460.970050,1.951602,1.967790,14.111
1187,-4.554246,425.878050,410.680213,460.970050,1.726373,1.326385,22.530
1188,-3.109735,425.878050,410.680213,460.970050,1.495973,1.572112,21.343
1189,-2.280812,425.878050,410.680213,460.970050,1.789072,4.409101,21.175
1190,-3.973845,425.878050,410.680213,460.970050,2.018957,1.852441,16.832
1191,-2.909578,425.878050,410.680213,460.970050,1.384144,1.616165,16.024
1192,-3.021686,425.878050,410.680213,460.970050,1.249206,1.461991,16.754
1193,-2.375881,425.878050,410.680213,460.970050,1.611697,1.114979,14.680
1194,-3.503095,425.878050,410.680213,460.970050,1.648453,1.987375,19.223
1195,-2.606648,425.878050,410.680213,460.970050,1.845179,1.119595,15.500
1196,-2.220449,425.878050,410.680213,460.970050,1.506917,1.082914,18.606
1197,-3.622733,425.878050,410.680213,460.970050,1.378823,1.253015,22.729
1198,-4.693040,425.878050,410.680213,460.970050,1.663660,3.903564,19.108
1199,-5.303386,431.307075,410.680213,447.601513,1.562286,1.378492,116.748
